Inst |timeTL |backtTL |makespanTL |propTL |timeH |backtH |makespanH |propH |timeCTLH |backtCTLH |makespanCTLH |propCTLH |timeCH |backtCH |makespanCH |propCH |
pack001.rcp | 600.0002 | 7895493 | -1 | 9268002 | 600.0001 | 6980908 | -1 | 7317922 | 600.00024 | 4319215 | -1 | 4584305 | 600.00006 | 7285811 | -1 | 8213369 | 
pack002.rcp | 600.0001 | 5509116 | -1 | 6983389 | 600.0001 | 4629246 | -1 | 5054788 | 600.00006 | 2805194 | -1 | 3066348 | 600.0001 | 4677938 | -1 | 5114503 | 
pack003.rcp | 600.00006 | 7108058 | -1 | 6489269 | 600.00006 | 5886780 | -1 | 5581462 | 600.00006 | 3635435 | -1 | 3474482 | 600.00006 | 5832483 | -1 | 7697341 | 
pack004.rcp | 600.00006 | 11366002 | -1 | 14909087 | 600.00006 | 8663100 | -1 | 8105706 | 600.00006 | 6184721 | -1 | 5824428 | 600.00006 | 8148434 | -1 | 7075559 | 
pack005.rcp | 600.00006 | 12432580 | -1 | 14958035 | 600.0001 | 9542014 | -1 | 7893125 | 600.00006 | 6720463 | -1 | 5668843 | 600.00006 | 9664949 | -1 | 7753940 | 
pack006.rcp | 600.00006 | 12982077 | -1 | 17374183 | 600.0001 | 9942630 | -1 | 9634971 | 600.00006 | 7216553 | -1 | 7067151 | 600.0001 | 9188854 | -1 | 8601644 | 
pack007.rcp | 600.00006 | 13296172 | -1 | 20442859 | 600.00006 | 9331616 | -1 | 11693731 | 600.0002 | 7003731 | -1 | 8837131 | 600.00006 | 8739254 | -1 | 10273964 | 
pack008.rcp | 600.0001 | 13393604 | -1 | 15806089 | 600.00006 | 9411472 | -1 | 8299066 | 600.0001 | 6980075 | -1 | 6023269 | 600.00006 | 9261284 | -1 | 7785339 | 
pack009.rcp | 600.0001 | 12639019 | -1 | 16423178 | 600.0001 | 9282867 | -1 | 9187034 | 600.00006 | 6588749 | -1 | 6479670 | 600.00006 | 9403943 | -1 | 9117141 | 
pack010.rcp | 600.00006 | 11628530 | -1 | 15178234 | 600.0002 | 8693551 | -1 | 8661852 | 600.00006 | 6403239 | -1 | 6219762 | 600.00006 | 8476255 | -1 | 8020713 | 
pack011.rcp | 600.0001 | 10423746 | -1 | 12574806 | 600.0001 | 8016559 | -1 | 7211858 | 600.0001 | 5623175 | -1 | 4977966 | 600.00006 | 7539606 | -1 | 5809649 | 
pack012.rcp | 600.00006 | 10093070 | -1 | 12647198 | 600.00006 | 7638784 | -1 | 6646015 | 600.00006 | 5464079 | -1 | 4612749 | 600.00006 | 7426286 | -1 | 6027605 | 
pack013.rcp | 600.00006 | 13469245 | -1 | 19579778 | 600.0001 | 11088825 | -1 | 9475311 | 600.00006 | 7832538 | -1 | 6953254 | 600.00006 | 11259063 | -1 | 8500751 | 
pack014.rcp | 600.00006 | 12254290 | -1 | 13901615 | 600.00006 | 8652432 | -1 | 8637454 | 600.00006 | 6139373 | -1 | 6217611 | 600.00006 | 8054100 | -1 | 7459732 | 
pack015.rcp | 600.00006 | 13614381 | -1 | 17236080 | 600.00006 | 10369661 | -1 | 7914304 | 600.00006 | 7381959 | -1 | 5585116 | 600.00006 | 10147525 | -1 | 7455359 | 
pack016.rcp | 600.00006 | 5773289 | -1 | 7816909 | 600.00006 | 5552115 | -1 | 4691493 | 600.0003 | 3465020 | -1 | 2892929 | 600.0001 | 5525238 | -1 | 4534500 | 
pack017.rcp | 600.00006 | 4979697 | -1 | 7439238 | 600.00006 | 4868497 | -1 | 4710131 | 600.0001 | 3036604 | -1 | 2939175 | 600.00006 | 4636112 | -1 | 4392826 | 
pack018.rcp | 600.0001 | 7159320 | -1 | 8898530 | 600.00006 | 6549087 | -1 | 5700783 | 600.0002 | 4217742 | -1 | 3826171 | 600.00006 | 6043630 | -1 | 5257821 | 
pack019.rcp | 600.00006 | 7255991 | -1 | 9781335 | 600.0001 | 7127271 | -1 | 5300259 | 600.00037 | 4428265 | -1 | 3354191 | 600.00006 | 6849119 | -1 | 5310330 | 
pack020.rcp | 600.00037 | 4031156 | -1 | 6225150 | 600.0001 | 3414099 | -1 | 4807614 | 600.0001 | 2223971 | -1 | 3105922 | 600.00006 | 3245356 | -1 | 3935757 | 
pack021.rcp | 56.31011 | 553737 | 51 | 427826 | 60.1538 | 484181 | 51 | 367796 | 82.89764 | 484181 | 51 | 367775 | 65.92762 | 483459 | 51 | 365798 | 
pack022.rcp | 600.00006 | 5401588 | -1 | 6644627 | 600.0001 | 4533555 | -1 | 5325149 | 600.00024 | 3135064 | -1 | 3680083 | 600.00037 | 3827861 | -1 | 4472536 | 
pack023.rcp | 600.00006 | 9386154 | -1 | 12194633 | 600.00006 | 8720003 | -1 | 6701399 | 600.00006 | 5784766 | -1 | 4269889 | 600.00006 | 8863012 | -1 | 6700986 | 
pack024.rcp | 600.00006 | 4596248 | -1 | 7592258 | 600.00006 | 3951333 | -1 | 5933394 | 600.00006 | 2607024 | -1 | 3856081 | 600.0001 | 3643522 | -1 | 4997870 | 
pack025.rcp | 600.0007 | 5918124 | -1 | 8021395 | 600.00006 | 5058420 | -1 | 5647172 | 600.0001 | 3466347 | -1 | 3759772 | 600.00006 | 4786760 | -1 | 5420821 | 
pack026.rcp | 562.05865 | 6340148 | 54 | 8677103 | 537.8244 | 5236016 | 54 | 6165165 | 600.00006 | 3987717 | -1 | 4704093 | 554.7752 | 5327484 | 54 | 5218103 | 
pack027.rcp | 600.00006 | 4796176 | -1 | 7593047 | 600.0001 | 4197925 | -1 | 5747505 | 600.00006 | 2710666 | -1 | 3735582 | 600.00006 | 4157524 | -1 | 5383151 | 
pack028.rcp | 600.0001 | 6855889 | -1 | 8403293 | 600.0002 | 6482810 | -1 | 5104462 | 600.00006 | 4124294 | -1 | 3261049 | 600.0001 | 6287932 | -1 | 4732349 | 
pack029.rcp | 600.0001 | 8362665 | -1 | 11623474 | 600.00006 | 7448288 | -1 | 7334872 | 600.00006 | 4663783 | -1 | 4748269 | 600.0001 | 7310979 | -1 | 6967112 | 
pack030.rcp | 6.0381055 | 69870 | 20 | 80590 | 4.608597 | 50944 | 20 | 52626 | 7.7664094 | 50944 | 20 | 53110 | 4.1768537 | 50788 | 20 | 57622 | 
pack031.rcp | 0.003427014 | 63 | 70 | 26 | 0.003650868 | 63 | 70 | 40 | 0.006126119 | 63 | 70 | 40 | 0.004774842 | 63 | 70 | 177 | 
pack032.rcp | 600.00006 | 16401866 | -1 | 4474670 | 101.3724 | 1562611 | 80 | 805767 | 158.4657 | 1562611 | 80 | 805569 | 110.36894 | 1563759 | 80 | 1141526 | 
pack033.rcp | 600.00006 | 15194863 | -1 | 1318809 | 600.00006 | 12683615 | -1 | 3822979 | 600.00006 | 7629204 | -1 | 2308403 | 600.00006 | 12470068 | -1 | 15708633 | 
pack034.rcp | 600.00006 | 12422044 | -1 | 5110297 | 600.00006 | 9875622 | -1 | 4967998 | 600.0001 | 6256068 | -1 | 3135454 | 600.00006 | 10152524 | -1 | 19942016 | 
pack035.rcp | 600.00006 | 16078643 | -1 | 4033194 | 600.00006 | 13218597 | -1 | 7803903 | 600.00006 | 7791150 | -1 | 4451719 | 600.00006 | 14005936 | -1 | 20244111 | 
pack036.rcp | 600.00006 | 14441558 | -1 | 4461234 | 600.00006 | 13166682 | -1 | 7516864 | 600.0001 | 7777541 | -1 | 4244922 | 600.00006 | 14246823 | -1 | 15785156 | 
pack037.rcp | 600.00006 | 15667795 | -1 | 5048847 | 600.00006 | 13150218 | -1 | 6633426 | 600.00006 | 8296211 | -1 | 4263919 | 600.00006 | 14143022 | -1 | 16050320 | 
pack038.rcp | 600.00006 | 14258990 | -1 | 2505164 | 600.00006 | 11186879 | -1 | 4415480 | 600.0001 | 6766278 | -1 | 2333796 | 600.00006 | 11985334 | -1 | 17810869 | 
pack039.rcp | 600.00006 | 14698528 | -1 | 5916052 | 600.00006 | 12548987 | -1 | 6192960 | 600.00006 | 7457289 | -1 | 3430220 | 600.00006 | 12999410 | -1 | 12692890 | 
pack040.rcp | 600.00006 | 13484586 | -1 | 5092728 | 600.00006 | 11169730 | -1 | 7772408 | 600.0002 | 6708206 | -1 | 4590929 | 600.00006 | 11156488 | -1 | 16915802 | 
pack041.rcp | 600.0002 | 5361371 | -1 | 5859278 | 600.00006 | 5316056 | -1 | 4765657 | 600.0002 | 3060983 | -1 | 2842271 | 600.00006 | 5854728 | -1 | 5627844 | 
pack042.rcp | 600.0001 | 5287216 | -1 | 6823802 | 600.0001 | 5282654 | -1 | 5642366 | 600.00006 | 3068203 | -1 | 3343751 | 600.00006 | 5510168 | -1 | 6157056 | 
pack043.rcp | 600.00006 | 16933262 | -1 | 15347731 | 600.00006 | 14566577 | -1 | 7846186 | 600.00006 | 9843769 | -1 | 5257853 | 600.00006 | 15184955 | -1 | 9860273 | 
pack044.rcp | 600.00006 | 11885188 | -1 | 24872055 | 600.00006 | 10213729 | -1 | 12293873 | 600.00006 | 7288136 | -1 | 8785864 | 600.00006 | 10789662 | -1 | 14694965 | 
pack045.rcp | 600.00006 | 10121306 | -1 | 4088916 | 600.00006 | 8980947 | -1 | 6245103 | 600.00006 | 5254477 | -1 | 3654504 | 600.00006 | 10882208 | -1 | 15617750 | 
pack046.rcp | 600.00006 | 14663985 | -1 | 7248764 | 600.0001 | 13387660 | -1 | 5442311 | 600.0001 | 8395190 | -1 | 3374863 | 600.00006 | 13988406 | -1 | 12109527 | 
pack047.rcp | 600.0002 | 10512451 | -1 | 6093607 | 600.00006 | 9046330 | -1 | 6644015 | 600.0001 | 5553176 | -1 | 4053552 | 600.0002 | 9284093 | -1 | 11676097 | 
pack048.rcp | 600.00006 | 9564555 | -1 | 7977184 | 600.0001 | 8091952 | -1 | 9076762 | 600.00006 | 4838387 | -1 | 5454352 | 600.00006 | 9023015 | -1 | 14655355 | 
pack049.rcp | 600.00006 | 3113944 | -1 | 4257925 | 600.0003 | 5323157 | -1 | 5340204 | 600.0002 | 2972481 | -1 | 3111043 | 600.00006 | 5434912 | -1 | 5533248 | 
pack050.rcp | 600.00006 | 13717849 | -1 | 5203814 | 600.00006 | 12315503 | -1 | 5257925 | 600.0001 | 7617175 | -1 | 3272726 | 600.00006 | 12486752 | -1 | 11728515 | 
pack051.rcp | 600.0001 | 5322687 | -1 | 6865062 | 600.00006 | 5348866 | -1 | 5709079 | 600.0001 | 3075444 | -1 | 3350970 | 600.00006 | 5377783 | -1 | 6009904 | 
pack052.rcp | 600.00006 | 9110998 | -1 | 10626924 | 298.00128 | 3412948 | 85 | 5886293 | 530.7687 | 3412948 | 85 | 5886117 | 297.05734 | 3414388 | 85 | 7847288 | 
pack053.rcp | 600.00006 | 14857320 | -1 | 8429107 | 600.00006 | 13925063 | -1 | 7331636 | 600.0001 | 8714932 | -1 | 4499893 | 600.00006 | 15319733 | -1 | 15457293 | 
pack054.rcp | 600.00006 | 7366167 | -1 | 9115632 | 600.00006 | 6401829 | -1 | 6731477 | 600.00006 | 4019983 | -1 | 4308886 | 600.0001 | 7030057 | -1 | 8415807 | 
pack055.rcp | 600.00006 | 12265885 | -1 | 7240339 | 600.0001 | 10926709 | -1 | 7417790 | 600.00006 | 6935087 | -1 | 4645858 | 600.0001 | 11746194 | -1 | 14947601 | 
Solve by All :3       NbTL :4, NbH :6, NbCH :5, NbOH :6   TimeTL :20.783880228875205, TimeH :21.58868287806399, TimeCH :30.22339064317445, TimeOH :23.369749477598816   BackTL :207890, BackH :178396, BackCH :178396, BackOH :178103