Inst |timeTL |backtTL |makespanTL |propTL |timeH |backtH |makespanH |propH |timeCTLH |backtCTLH |makespanCTLH |propCTLH |timeCH |backtCH |makespanCH |propCH |
j30_1_1.rcp | 0.03214965 | 109 | 282 | 13 | 0.023569776 | 109 | 282 | 14 | 0.016424721 | 109 | 282 | 14 | 0.023893362 | 109 | 282 | 24 | 
j30_1_2.rcp | 0.002076551 | 18 | 382 | 1 | 0.00221091 | 18 | 382 | 1 | 0.002206775 | 18 | 382 | 1 | 0.001733207 | 18 | 382 | 1 | 
j30_1_3.rcp | 0.002391268 | 18 | 511 | 1 | 0.002331581 | 18 | 511 | 3 | 0.002142904 | 18 | 511 | 3 | 0.00242705 | 18 | 511 | 3 | 
j30_1_4.rcp | 2.5258007 | 68660 | 531 | 30322 | 0.8256883 | 68660 | 531 | 14954 | 1.083081 | 68660 | 531 | 14954 | 1.1879027 | 68660 | 531 | 40708 | 
j30_1_5.rcp | 7.56707E-4 | 36 | 281 | 10 | 0.001166289 | 36 | 281 | 12 | 8.77706E-4 | 36 | 281 | 12 | 6.73061E-4 | 36 | 281 | 12 | 
j30_1_6.rcp | 3.24618E-4 | 18 | 285 | 0 | 3.53472E-4 | 18 | 285 | 2 | 3.74627E-4 | 18 | 285 | 2 | 3.1768E-4 | 18 | 285 | 2 | 
j30_1_7.rcp | 600.0001 | 13077752 | -1 | 17994922 | 600.00006 | 11743613 | -1 | 15675541 | 600.0001 | 10241079 | -1 | 13754612 | 600.0001 | 16785921 | -1 | 25422731 | 
j30_1_8.rcp | 3.77542E-4 | 18 | 308 | 8 | 3.64605E-4 | 18 | 308 | 6 | 4.95739E-4 | 18 | 308 | 6 | 3.5912E-4 | 18 | 308 | 6 | 
j30_1_9.rcp | 7.21888E-4 | 36 | 430 | 3 | 7.9662E-4 | 36 | 430 | 3 | 9.12322E-4 | 36 | 430 | 3 | 7.45273E-4 | 36 | 430 | 3 | 
j30_1_10.rcp | 8.71409E-4 | 36 | 454 | 7 | 6.64466E-4 | 36 | 454 | 7 | 7.37314E-4 | 36 | 454 | 7 | 6.07417E-4 | 36 | 454 | 7 | 
j30_2_1.rcp | 3.00333E-4 | 18 | 377 | 1 | 2.86513E-4 | 18 | 377 | 3 | 3.34578E-4 | 18 | 377 | 3 | 4.71733E-4 | 18 | 377 | 3 | 
j30_2_2.rcp | 3.30932E-4 | 18 | 503 | 0 | 3.12138E-4 | 18 | 503 | 1 | 3.53858E-4 | 18 | 503 | 1 | 3.42277E-4 | 18 | 503 | 1 | 
j30_2_3.rcp | 7.22835E-4 | 36 | 429 | 1 | 7.21074E-4 | 36 | 429 | 4 | 8.44652E-4 | 36 | 429 | 4 | 7.16319E-4 | 36 | 429 | 4 | 
j30_2_4.rcp | 3.6863E-4 | 18 | 384 | 0 | 4.97008E-4 | 18 | 384 | 0 | 6.98535E-4 | 18 | 384 | 0 | 5.20359E-4 | 18 | 384 | 2 | 
j30_2_5.rcp | 4.13163E-4 | 36 | 430 | 1 | 4.26931E-4 | 36 | 430 | 2 | 0.00118252 | 36 | 430 | 2 | 6.00678E-4 | 36 | 430 | 2 | 
j30_2_6.rcp | 6.43456E-4 | 42 | 381 | 7 | 6.28229E-4 | 42 | 381 | 7 | 0.001147005 | 42 | 381 | 7 | 0.001010922 | 42 | 381 | 8 | 
j30_2_7.rcp | 2.04982E-4 | 18 | 276 | 0 | 2.18556E-4 | 18 | 276 | 0 | 3.11069E-4 | 18 | 276 | 0 | 2.17701E-4 | 18 | 276 | 1 | 
j30_2_8.rcp | 3.80089E-4 | 18 | 803 | 0 | 3.97558E-4 | 18 | 803 | 2 | 3.2017E-4 | 18 | 803 | 2 | 2.43191E-4 | 18 | 803 | 2 | 
j30_2_9.rcp | 4.33795E-4 | 36 | 405 | 3 | 4.84344E-4 | 36 | 405 | 3 | 6.12892E-4 | 36 | 405 | 3 | 4.76375E-4 | 36 | 405 | 3 | 
j30_2_10.rcp | 4.01759E-4 | 38 | 379 | 3 | 4.26734E-4 | 38 | 379 | 3 | 7.46576E-4 | 38 | 379 | 3 | 7.09598E-4 | 38 | 379 | 6 | 
j30_3_1.rcp | 2.66018E-4 | 18 | 494 | 0 | 2.23967E-4 | 18 | 494 | 1 | 2.80548E-4 | 18 | 494 | 1 | 3.68992E-4 | 18 | 494 | 1 | 
j30_3_2.rcp | 1.96711E-4 | 18 | 383 | 1 | 2.482E-4 | 18 | 383 | 2 | 2.82969E-4 | 18 | 383 | 2 | 2.04361E-4 | 18 | 383 | 2 | 
j30_3_3.rcp | 1.93104E-4 | 18 | 476 | 3 | 2.50748E-4 | 18 | 476 | 3 | 2.89894E-4 | 18 | 476 | 3 | 2.28107E-4 | 18 | 476 | 3 | 
j30_3_4.rcp | 2.31483E-4 | 18 | 997 | 0 | 2.47928E-4 | 18 | 997 | 1 | 2.72319E-4 | 18 | 997 | 1 | 2.21052E-4 | 18 | 997 | 1 | 
j30_3_5.rcp | 2.16249E-4 | 18 | 484 | 2 | 2.09264E-4 | 18 | 484 | 3 | 2.47542E-4 | 18 | 484 | 3 | 3.25688E-4 | 18 | 484 | 3 | 
j30_3_6.rcp | 3.14819E-4 | 30 | 328 | 4 | 3.47365E-4 | 30 | 328 | 6 | 4.42653E-4 | 30 | 328 | 6 | 3.48572E-4 | 30 | 328 | 6 | 
j30_3_7.rcp | 4.07733E-4 | 38 | 506 | 1 | 3.71085E-4 | 38 | 506 | 2 | 4.7846E-4 | 38 | 506 | 2 | 3.75277E-4 | 38 | 506 | 2 | 
j30_3_8.rcp | 2.94987E-4 | 18 | 368 | 0 | 3.11038E-4 | 18 | 368 | 1 | 3.85559E-4 | 18 | 368 | 1 | 0.001221726 | 18 | 368 | 1 | 
j30_3_9.rcp | 2.09508E-4 | 18 | 262 | 0 | 2.4323E-4 | 18 | 262 | 2 | 2.54108E-4 | 18 | 262 | 2 | 1.87569E-4 | 18 | 262 | 3 | 
j30_3_10.rcp | 1.96531E-4 | 18 | 359 | 0 | 2.13766E-4 | 18 | 359 | 0 | 2.71742E-4 | 18 | 359 | 0 | 2.0555E-4 | 18 | 359 | 0 | 
j30_4_1.rcp | 2.11327E-4 | 18 | 335 | 0 | 2.35851E-4 | 18 | 335 | 1 | 3.15403E-4 | 18 | 335 | 1 | 2.40706E-4 | 18 | 335 | 1 | 
j30_4_2.rcp | 1.72756E-4 | 18 | 308 | 0 | 1.9599E-4 | 18 | 308 | 0 | 2.45614E-4 | 18 | 308 | 0 | 2.2815E-4 | 18 | 308 | 0 | 
j30_4_3.rcp | 2.03931E-4 | 18 | 356 | 1 | 2.19404E-4 | 18 | 356 | 1 | 2.71849E-4 | 18 | 356 | 1 | 2.33785E-4 | 18 | 356 | 1 | 
j30_4_4.rcp | 3.01817E-4 | 18 | 304 | 0 | 3.34117E-4 | 18 | 304 | 0 | 3.90188E-4 | 18 | 304 | 0 | 3.06208E-4 | 18 | 304 | 0 | 
j30_4_5.rcp | 6.59173E-4 | 36 | 294 | 1 | 6.88663E-4 | 36 | 294 | 3 | 9.03285E-4 | 36 | 294 | 3 | 6.64374E-4 | 36 | 294 | 4 | 
j30_4_6.rcp | 2.15872E-4 | 18 | 394 | 0 | 2.97693E-4 | 18 | 394 | 0 | 2.40507E-4 | 18 | 394 | 0 | 1.85246E-4 | 18 | 394 | 0 | 
j30_4_7.rcp | 2.76769E-4 | 18 | 629 | 0 | 2.97497E-4 | 18 | 629 | 0 | 3.89882E-4 | 18 | 629 | 0 | 3.15214E-4 | 18 | 629 | 0 | 
j30_4_8.rcp | 3.04525E-4 | 18 | 482 | 0 | 2.94734E-4 | 18 | 482 | 0 | 3.58044E-4 | 18 | 482 | 0 | 2.82313E-4 | 18 | 482 | 0 | 
j30_4_9.rcp | 1.82652E-4 | 18 | 235 | 1 | 1.9203E-4 | 18 | 235 | 1 | 2.36907E-4 | 18 | 235 | 1 | 1.83461E-4 | 18 | 235 | 1 | 
j30_4_10.rcp | 1.91401E-4 | 18 | 760 | 0 | 2.06263E-4 | 18 | 760 | 1 | 2.75892E-4 | 18 | 760 | 1 | 2.04393E-4 | 18 | 760 | 1 | 
j30_5_1.rcp | 0.004077897 | 64 | 360 | 28 | 0.00285905 | 64 | 360 | 19 | 0.00318684 | 64 | 360 | 19 | 0.002015005 | 64 | 360 | 20 | 
j30_5_2.rcp | 0.005300755 | 92 | 484 | 45 | 0.003653306 | 92 | 484 | 53 | 0.004774655 | 92 | 484 | 53 | 0.003340835 | 92 | 484 | 53 | 
j30_5_3.rcp | 0.580473 | 8711 | 517 | 11119 | 0.36044922 | 8711 | 517 | 3433 | 0.51678896 | 8711 | 517 | 3433 | 0.31667742 | 8711 | 517 | 4540 | 
j30_5_4.rcp | 600.00006 | 14140213 | -1 | 13583150 | 600.00006 | 16494088 | -1 | 14809620 | 600.00006 | 12719777 | -1 | 11500919 | 600.00006 | 16977928 | -1 | 15275819 | 
j30_5_5.rcp | 600.00006 | 22323288 | -1 | 14148709 | 600.00006 | 17415454 | -1 | 11796958 | 600.00006 | 14337062 | -1 | 9683319 | 600.00006 | 18918881 | -1 | 12612841 | 
j30_5_6.rcp | 600.00006 | 22273124 | -1 | 13544614 | 600.00006 | 25543398 | -1 | 9565729 | 600.00006 | 17663454 | -1 | 6679321 | 600.00006 | 27217255 | -1 | 10649780 | 
j30_5_7.rcp | 600.0001 | 13171016 | -1 | 16291464 | 600.0001 | 11620706 | -1 | 10830648 | 600.00006 | 8728168 | -1 | 8209334 | 600.0001 | 11179871 | -1 | 16156722 | 
j30_5_8.rcp | 600.00006 | 30566684 | -1 | 35784395 | 600.00006 | 21245930 | -1 | 23607804 | 600.0006 | 14564970 | -1 | 16150075 | 600.00006 | 21643223 | -1 | 24523654 | 
j30_5_9.rcp | 600.00006 | 12230079 | -1 | 8660693 | 600.00006 | 19901887 | -1 | 2351378 | 600.0001 | 13836264 | -1 | 1572388 | 600.00006 | 21257140 | -1 | 3564836 | 
j30_5_10.rcp | 6.78578E-4 | 18 | 664 | 6 | 7.511E-4 | 18 | 664 | 8 | 0.001058102 | 18 | 664 | 8 | 7.19274E-4 | 18 | 664 | 8 | 
j30_6_1.rcp | 0.001080237 | 54 | 479 | 2 | 0.001317894 | 54 | 479 | 5 | 0.00183472 | 54 | 479 | 5 | 0.00120222 | 54 | 479 | 7 | 
j30_6_2.rcp | 0.001214548 | 54 | 454 | 6 | 0.00146981 | 54 | 454 | 8 | 0.002062814 | 54 | 454 | 8 | 0.001346046 | 54 | 454 | 9 | 
j30_6_3.rcp | 3.70435E-4 | 18 | 403 | 0 | 4.43236E-4 | 18 | 403 | 1 | 6.37539E-4 | 18 | 403 | 1 | 3.86746E-4 | 18 | 403 | 4 | 
j30_6_4.rcp | 0.001198258 | 54 | 551 | 8 | 0.001487002 | 54 | 551 | 8 | 0.002057496 | 54 | 551 | 8 | 0.001396359 | 54 | 551 | 9 | 
j30_6_5.rcp | 0.001172571 | 54 | 369 | 3 | 0.001620572 | 54 | 369 | 9 | 0.002736531 | 54 | 369 | 9 | 0.001232233 | 54 | 369 | 12 | 
j30_6_6.rcp | 8.4232E-4 | 36 | 404 | 2 | 9.9911E-4 | 36 | 404 | 3 | 0.00142675 | 36 | 404 | 3 | 9.03325E-4 | 36 | 404 | 4 | 
j30_6_7.rcp | 0.001549105 | 63 | 438 | 5 | 0.002083069 | 63 | 438 | 7 | 0.002593953 | 63 | 438 | 7 | 0.001767078 | 63 | 438 | 7 | 
j30_6_8.rcp | 4.0729E-4 | 18 | 327 | 2 | 4.97254E-4 | 18 | 327 | 2 | 7.02134E-4 | 18 | 327 | 2 | 4.55462E-4 | 18 | 327 | 2 | 
j30_6_9.rcp | 9.70244E-4 | 38 | 363 | 2 | 0.001203623 | 38 | 363 | 5 | 0.001658282 | 38 | 363 | 5 | 0.001111813 | 38 | 363 | 6 | 
j30_6_10.rcp | 8.42726E-4 | 36 | 341 | 0 | 0.001079806 | 36 | 341 | 1 | 0.001480155 | 36 | 341 | 1 | 9.58643E-4 | 36 | 341 | 2 | 
j30_7_1.rcp | 3.99815E-4 | 18 | 509 | 0 | 4.88725E-4 | 18 | 509 | 1 | 6.47266E-4 | 18 | 509 | 1 | 4.26961E-4 | 18 | 509 | 1 | 
j30_7_2.rcp | 3.63479E-4 | 18 | 328 | 1 | 4.35163E-4 | 18 | 328 | 1 | 6.30074E-4 | 18 | 328 | 1 | 3.99322E-4 | 18 | 328 | 1 | 
j30_7_3.rcp | 8.86325E-4 | 56 | 309 | 1 | 0.001007061 | 56 | 309 | 4 | 0.001411751 | 56 | 309 | 4 | 9.72938E-4 | 56 | 309 | 6 | 
j30_7_4.rcp | 4.49349E-4 | 18 | 382 | 0 | 5.64098E-4 | 18 | 382 | 1 | 7.37392E-4 | 18 | 382 | 1 | 5.15934E-4 | 18 | 382 | 1 | 
j30_7_5.rcp | 0.001164193 | 36 | 326 | 0 | 0.001116618 | 36 | 326 | 1 | 0.001232832 | 36 | 326 | 1 | 8.01519E-4 | 36 | 326 | 2 | 
j30_7_6.rcp | 3.09246E-4 | 18 | 378 | 0 | 3.77734E-4 | 18 | 378 | 0 | 5.29024E-4 | 18 | 378 | 0 | 3.65121E-4 | 18 | 378 | 0 | 
j30_7_7.rcp | 4.42034E-4 | 18 | 680 | 0 | 5.8971E-4 | 18 | 680 | 1 | 7.30489E-4 | 18 | 680 | 1 | 4.92563E-4 | 18 | 680 | 2 | 
j30_7_8.rcp | 5.92833E-4 | 18 | 512 | 2 | 6.95127E-4 | 18 | 512 | 3 | 9.31331E-4 | 18 | 512 | 3 | 6.03512E-4 | 18 | 512 | 4 | 
j30_7_9.rcp | 3.42567E-4 | 18 | 477 | 0 | 4.41682E-4 | 18 | 477 | 0 | 6.15861E-4 | 18 | 477 | 0 | 4.00496E-4 | 18 | 477 | 0 | 
j30_7_10.rcp | 3.18262E-4 | 18 | 285 | 1 | 3.9578E-4 | 18 | 285 | 1 | 5.58249E-4 | 18 | 285 | 1 | 3.64039E-4 | 18 | 285 | 1 | 
j30_8_1.rcp | 3.84135E-4 | 18 | 306 | 0 | 5.03268E-4 | 18 | 306 | 1 | 6.98395E-4 | 18 | 306 | 1 | 0.001367981 | 18 | 306 | 2 | 
j30_8_2.rcp | 3.29853E-4 | 18 | 455 | 0 | 3.97876E-4 | 18 | 455 | 0 | 5.50686E-4 | 18 | 455 | 0 | 3.63656E-4 | 18 | 455 | 0 | 
j30_8_3.rcp | 2.80408E-4 | 18 | 379 | 0 | 3.57846E-4 | 18 | 379 | 0 | 4.40168E-4 | 18 | 379 | 0 | 2.99116E-4 | 18 | 379 | 0 | 
j30_8_4.rcp | 3.54427E-4 | 18 | 334 | 0 | 4.28626E-4 | 18 | 334 | 2 | 6.04358E-4 | 18 | 334 | 2 | 3.90815E-4 | 18 | 334 | 2 | 
j30_8_5.rcp | 7.46181E-4 | 18 | 476 | 0 | 5.82556E-4 | 18 | 476 | 0 | 7.81962E-4 | 18 | 476 | 0 | 5.19492E-4 | 18 | 476 | 0 | 
j30_8_6.rcp | 3.41068E-4 | 18 | 651 | 0 | 4.15057E-4 | 18 | 651 | 0 | 5.7372E-4 | 18 | 651 | 0 | 3.84939E-4 | 18 | 651 | 0 | 
j30_8_7.rcp | 5.79995E-4 | 18 | 362 | 0 | 4.67663E-4 | 18 | 362 | 0 | 6.18607E-4 | 18 | 362 | 0 | 3.99225E-4 | 18 | 362 | 0 | 
j30_8_8.rcp | 3.31113E-4 | 18 | 478 | 0 | 4.19693E-4 | 18 | 478 | 0 | 5.96395E-4 | 18 | 478 | 0 | 3.82488E-4 | 18 | 478 | 0 | 
j30_8_9.rcp | 3.48207E-4 | 18 | 379 | 0 | 4.24352E-4 | 18 | 379 | 0 | 5.9218E-4 | 18 | 379 | 0 | 3.90336E-4 | 18 | 379 | 0 | 
j30_8_10.rcp | 3.39986E-4 | 18 | 759 | 0 | 4.58717E-4 | 18 | 759 | 0 | 6.33613E-4 | 18 | 759 | 0 | 4.27557E-4 | 18 | 759 | 0 | 
j30_9_1.rcp | 600.00006 | 9318240 | -1 | 12391990 | 600.0001 | 10167415 | -1 | 12972535 | 600.00006 | 7119475 | -1 | 9206448 | 600.00006 | 11158440 | -1 | 15788759 | 
j30_9_2.rcp | 600.0001 | 19176211 | -1 | 10611622 | 600.00006 | 22595710 | -1 | 5596429 | 600.00006 | 16463205 | -1 | 4074965 | 600.00006 | 22314412 | -1 | 5624388 | 
j30_9_3.rcp | 26.771194 | 446659 | 377 | 116817 | 32.19599 | 446659 | 377 | 65171 | 43.295788 | 446659 | 377 | 65171 | 30.579176 | 446659 | 377 | 433764 | 
j30_9_4.rcp | 300.12964 | 3848793 | 392 | 2326520 | 363.10117 | 3848793 | 392 | 2356966 | 534.9502 | 3848793 | 392 | 2356965 | 310.7105 | 3848793 | 392 | 5183732 | 
j30_9_5.rcp | 600.0002 | 9247186 | -1 | 5905394 | 600.00006 | 10179359 | -1 | 6451821 | 600.00006 | 7373549 | -1 | 4684593 | 600.00006 | 11657012 | -1 | 7227851 | 
j30_9_6.rcp | 0.002495144 | 48 | 626 | 8 | 0.00309071 | 48 | 626 | 14 | 0.004554648 | 48 | 626 | 14 | 0.002532214 | 48 | 626 | 24 | 
j30_9_7.rcp | 0.005748882 | 80 | 607 | 21 | 0.005809691 | 80 | 607 | 29 | 0.008203245 | 80 | 607 | 29 | 0.00492532 | 80 | 607 | 38 | 
j30_9_8.rcp | 0.004731581 | 80 | 435 | 35 | 0.006429236 | 80 | 435 | 57 | 0.008724858 | 80 | 435 | 57 | 0.004939902 | 80 | 435 | 73 | 
j30_9_9.rcp | 0.009884461 | 130 | 532 | 71 | 0.012397031 | 130 | 532 | 90 | 0.018637428 | 130 | 532 | 90 | 0.010032543 | 130 | 532 | 106 | 
j30_9_10.rcp | 0.007403217 | 98 | 674 | 38 | 0.008866321 | 98 | 674 | 55 | 0.011375359 | 98 | 674 | 55 | 0.00706115 | 98 | 674 | 79 | 
j30_10_1.rcp | 6.68988E-4 | 18 | 408 | 0 | 8.13996E-4 | 18 | 408 | 1 | 0.00140429 | 18 | 408 | 1 | 7.50319E-4 | 18 | 408 | 1 | 
j30_10_2.rcp | 0.001190519 | 32 | 480 | 0 | 0.001481007 | 32 | 480 | 0 | 0.002113518 | 32 | 480 | 0 | 0.001314693 | 32 | 480 | 2 | 
j30_10_3.rcp | 5.9321E-4 | 18 | 509 | 0 | 8.20294E-4 | 18 | 509 | 0 | 0.001189718 | 18 | 509 | 0 | 7.0458E-4 | 18 | 509 | 0 | 
j30_10_4.rcp | 0.004127367 | 72 | 461 | 0 | 0.004144692 | 72 | 461 | 4 | 0.008709668 | 72 | 461 | 4 | 0.005067586 | 72 | 461 | 23 | 
j30_10_5.rcp | 0.007558166 | 72 | 308 | 0 | 0.003290765 | 72 | 308 | 1 | 0.005026921 | 72 | 308 | 1 | 0.002945204 | 72 | 308 | 3 | 
j30_10_6.rcp | 0.001343952 | 36 | 462 | 0 | 0.001717468 | 36 | 462 | 2 | 0.002615099 | 36 | 462 | 2 | 0.001597 | 36 | 462 | 2 | 
j30_10_7.rcp | 7.88809E-4 | 18 | 562 | 0 | 0.001107667 | 18 | 562 | 2 | 0.001477843 | 18 | 562 | 2 | 8.26678E-4 | 18 | 562 | 2 | 
j30_10_8.rcp | 0.002242831 | 54 | 330 | 0 | 0.00268404 | 54 | 330 | 7 | 0.004115039 | 54 | 330 | 7 | 0.002350849 | 54 | 330 | 12 | 
j30_10_9.rcp | 0.004229958 | 92 | 335 | 0 | 0.004833644 | 92 | 335 | 4 | 0.007198134 | 92 | 335 | 4 | 0.004467245 | 92 | 335 | 10 | 
j30_10_10.rcp | 8.44735E-4 | 18 | 426 | 0 | 0.001010124 | 18 | 426 | 1 | 0.001467193 | 18 | 426 | 1 | 9.10186E-4 | 18 | 426 | 1 | 
j30_11_1.rcp | 5.75586E-4 | 18 | 631 | 0 | 7.2893E-4 | 18 | 631 | 0 | 0.001081003 | 18 | 631 | 0 | 6.21935E-4 | 18 | 631 | 1 | 
j30_11_2.rcp | 7.76379E-4 | 18 | 380 | 0 | 9.61317E-4 | 18 | 380 | 0 | 0.001382088 | 18 | 380 | 0 | 8.40559E-4 | 18 | 380 | 1 | 
j30_11_3.rcp | 0.002068213 | 54 | 588 | 0 | 0.003664211 | 54 | 588 | 3 | 0.004086555 | 54 | 588 | 3 | 0.002454352 | 54 | 588 | 3 | 
j30_11_4.rcp | 0.001143194 | 36 | 613 | 0 | 0.001444153 | 36 | 613 | 2 | 0.002038573 | 36 | 613 | 2 | 0.001309689 | 36 | 613 | 3 | 
j30_11_5.rcp | 0.001588391 | 36 | 461 | 2 | 0.001945227 | 36 | 461 | 6 | 0.002831978 | 36 | 461 | 6 | 0.001769799 | 36 | 461 | 7 | 
j30_11_6.rcp | 0.001424496 | 36 | 382 | 0 | 0.001762897 | 36 | 382 | 0 | 0.002619973 | 36 | 382 | 0 | 0.001557186 | 36 | 382 | 2 | 
j30_11_7.rcp | 5.68861E-4 | 18 | 427 | 0 | 6.85828E-4 | 18 | 427 | 0 | 0.00101069 | 18 | 427 | 0 | 6.27133E-4 | 18 | 427 | 0 | 
j30_11_8.rcp | 600.0001 | 9453611 | -1 | 2894149 | 600.0001 | 13517500 | -1 | 886 | 600.0001 | 8377374 | -1 | 443 | 600.00006 | 13159812 | -1 | 4331240 | 
j30_11_9.rcp | 0.001230805 | 18 | 508 | 0 | 0.001508288 | 18 | 508 | 0 | 0.001442366 | 18 | 508 | 0 | 8.87042E-4 | 18 | 508 | 0 | 
j30_11_10.rcp | 9.55829E-4 | 18 | 438 | 0 | 0.001167339 | 18 | 438 | 0 | 0.002390844 | 18 | 438 | 0 | 8.74797E-4 | 18 | 438 | 3 | 
j30_12_1.rcp | 6.85763E-4 | 18 | 416 | 0 | 8.22502E-4 | 18 | 416 | 0 | 0.001129399 | 18 | 416 | 0 | 6.77069E-4 | 18 | 416 | 0 | 
j30_12_2.rcp | 4.23252E-4 | 18 | 340 | 0 | 5.36457E-4 | 18 | 340 | 0 | 7.80128E-4 | 18 | 340 | 0 | 5.37935E-4 | 18 | 340 | 0 | 
j30_12_3.rcp | 6.03713E-4 | 18 | 305 | 0 | 6.80706E-4 | 18 | 305 | 0 | 9.78239E-4 | 18 | 305 | 0 | 5.80308E-4 | 18 | 305 | 0 | 
j30_12_4.rcp | 4.96995E-4 | 18 | 505 | 0 | 5.85412E-4 | 18 | 505 | 0 | 8.39281E-4 | 18 | 505 | 0 | 5.33414E-4 | 18 | 505 | 0 | 
j30_12_5.rcp | 6.00011E-4 | 18 | 276 | 0 | 6.63897E-4 | 18 | 276 | 1 | 0.001004165 | 18 | 276 | 1 | 5.89916E-4 | 18 | 276 | 1 | 
j30_12_6.rcp | 7.34279E-4 | 18 | 270 | 0 | 9.22207E-4 | 18 | 270 | 0 | 0.001382866 | 18 | 270 | 0 | 8.15317E-4 | 18 | 270 | 2 | 
j30_12_7.rcp | 6.44148E-4 | 18 | 266 | 0 | 7.7128E-4 | 18 | 266 | 0 | 0.001211542 | 18 | 266 | 0 | 7.195E-4 | 18 | 266 | 0 | 
j30_12_8.rcp | 6.41774E-4 | 18 | 258 | 0 | 7.11027E-4 | 18 | 258 | 0 | 0.00107476 | 18 | 258 | 0 | 7.1332E-4 | 18 | 258 | 0 | 
j30_12_9.rcp | 6.01379E-4 | 18 | 305 | 0 | 7.35959E-4 | 18 | 305 | 0 | 0.001094638 | 18 | 305 | 0 | 6.64032E-4 | 18 | 305 | 0 | 
j30_12_10.rcp | 5.92941E-4 | 18 | 334 | 0 | 7.31701E-4 | 18 | 334 | 0 | 0.001086406 | 18 | 334 | 0 | 6.47009E-4 | 18 | 334 | 0 | 
j30_13_1.rcp | 600.00006 | 6973693 | -1 | 2756148 | 600.0001 | 5978442 | -1 | 2102609 | 600.00006 | 4004094 | -1 | 1427501 | 600.00006 | 7521741 | -1 | 14025725 | 
j30_13_2.rcp | 0.16399191 | 1221 | 346 | 1564 | 0.16953452 | 1221 | 346 | 1426 | 0.25251746 | 1221 | 346 | 1426 | 0.15845133 | 1221 | 346 | 2110 | 
j30_13_3.rcp | 600.0002 | 3634838 | -1 | 4307890 | 600.00037 | 3241471 | -1 | 4328585 | 600.00006 | 2268783 | -1 | 3113751 | 600.0002 | 4081069 | -1 | 5431762 | 
j30_13_4.rcp | 600.00006 | 9247431 | -1 | 4176922 | 600.0001 | 7803084 | -1 | 3994546 | 600.00006 | 5334787 | -1 | 2922107 | 600.0001 | 9380512 | -1 | 5187655 | 
j30_13_5.rcp | 0.41417927 | 4019 | 606 | 1386 | 0.47605518 | 4019 | 606 | 1879 | 0.6893587 | 4019 | 606 | 1874 | 0.3048764 | 4019 | 606 | 3227 | 
j30_13_6.rcp | 600.00006 | 7915389 | -1 | 3355137 | 600.0002 | 8014822 | -1 | 2761249 | 600.00006 | 5578217 | -1 | 1942460 | 600.0001 | 12016194 | -1 | 4639224 | 
j30_13_7.rcp | 0.042725243 | 376 | 711 | 309 | 0.051450934 | 376 | 711 | 328 | 0.07509316 | 376 | 711 | 328 | 0.045252215 | 376 | 711 | 356 | 
j30_13_8.rcp | 600.00006 | 8662198 | -1 | 9649303 | 600.00006 | 7016826 | -1 | 7724509 | 600.0001 | 4985694 | -1 | 5451288 | 600.00006 | 8150795 | -1 | 8689661 | 
j30_13_9.rcp | 0.7666853 | 4731 | 484 | 2028 | 0.8498262 | 4731 | 484 | 4252 | 1.3585407 | 4731 | 484 | 4252 | 0.7552293 | 4731 | 484 | 4380 | 
j30_13_10.rcp | 600.0001 | 7288193 | -1 | 3446286 | 600.00006 | 6517021 | -1 | 6073098 | 600.0002 | 4228129 | -1 | 3693614 | 600.0001 | 7622918 | -1 | 11769768 | 
j30_14_1.rcp | 0.003941816 | 72 | 252 | 0 | 0.004997771 | 72 | 252 | 0 | 0.007890374 | 72 | 252 | 0 | 0.004160678 | 72 | 252 | 9 | 
j30_14_2.rcp | 600.00006 | 5913822 | -1 | 36460 | 600.0001 | 5297389 | -1 | 47923 | 600.00006 | 3445293 | -1 | 15229 | 600.0001 | 5782739 | -1 | 6914419 | 
j30_14_3.rcp | 0.00374936 | 54 | 392 | 3 | 0.004564677 | 54 | 392 | 3 | 0.007301454 | 54 | 392 | 3 | 0.003593859 | 54 | 392 | 22 | 
j30_14_4.rcp | 0.004788783 | 65 | 313 | 6 | 0.00672131 | 65 | 313 | 9 | 0.008790777 | 65 | 313 | 9 | 0.004915318 | 65 | 313 | 20 | 
j30_14_5.rcp | 0.006626068 | 74 | 410 | 3 | 0.006149237 | 74 | 410 | 5 | 0.009700825 | 74 | 410 | 5 | 0.005329509 | 74 | 410 | 15 | 
j30_14_6.rcp | 0.003616358 | 58 | 284 | 0 | 0.004195593 | 58 | 284 | 1 | 0.006646641 | 58 | 284 | 1 | 0.003574729 | 58 | 284 | 1 | 
j30_14_7.rcp | 0.001179076 | 18 | 386 | 0 | 0.001386538 | 18 | 386 | 1 | 0.002152937 | 18 | 386 | 1 | 0.001105759 | 18 | 386 | 4 | 
j30_14_8.rcp | 0.001074998 | 18 | 532 | 0 | 0.001331757 | 18 | 532 | 0 | 0.001990161 | 18 | 532 | 0 | 0.001078467 | 18 | 532 | 2 | 
j30_14_9.rcp | 0.003271269 | 38 | 433 | 2 | 0.003741855 | 38 | 433 | 5 | 0.005749159 | 38 | 433 | 5 | 0.004156243 | 38 | 433 | 8 | 
j30_14_10.rcp | 0.002766211 | 36 | 265 | 2 | 0.003256133 | 36 | 265 | 4 | 0.005221411 | 36 | 265 | 4 | 0.002768289 | 36 | 265 | 10 | 
j30_15_1.rcp | 0.003128211 | 54 | 338 | 0 | 0.003529025 | 54 | 338 | 1 | 0.005513393 | 54 | 338 | 1 | 0.003192989 | 54 | 338 | 4 | 
j30_15_2.rcp | 8.82536E-4 | 18 | 481 | 0 | 0.001073467 | 18 | 481 | 0 | 0.001611835 | 18 | 481 | 0 | 9.29602E-4 | 18 | 481 | 0 | 
j30_15_3.rcp | 0.005069644 | 54 | 260 | 0 | 0.004741354 | 54 | 260 | 3 | 0.006665219 | 54 | 260 | 3 | 0.003523659 | 54 | 260 | 19 | 
j30_15_4.rcp | 0.00100433 | 18 | 253 | 0 | 0.001053034 | 18 | 253 | 0 | 0.001724344 | 18 | 253 | 0 | 9.25908E-4 | 18 | 253 | 0 | 
j30_15_5.rcp | 0.001389748 | 18 | 588 | 0 | 0.002081967 | 18 | 588 | 0 | 0.003476725 | 18 | 588 | 0 | 0.001825707 | 18 | 588 | 2 | 
j30_15_6.rcp | 0.001093883 | 18 | 679 | 0 | 0.001304043 | 18 | 679 | 1 | 0.001744184 | 18 | 679 | 1 | 9.84019E-4 | 18 | 679 | 1 | 
j30_15_7.rcp | 0.003163966 | 54 | 302 | 0 | 0.004795162 | 54 | 302 | 0 | 0.005777932 | 54 | 302 | 0 | 0.003445821 | 54 | 302 | 7 | 
j30_15_8.rcp | 0.001041614 | 18 | 576 | 1 | 0.001301761 | 18 | 576 | 1 | 0.00196055 | 18 | 576 | 1 | 0.001082284 | 18 | 576 | 3 | 
j30_15_9.rcp | 0.002793297 | 36 | 333 | 0 | 0.003191002 | 36 | 333 | 2 | 0.004947687 | 36 | 333 | 2 | 0.002796822 | 36 | 333 | 5 | 
j30_15_10.rcp | 8.6139E-4 | 18 | 523 | 0 | 0.001121593 | 18 | 523 | 0 | 0.001619191 | 18 | 523 | 0 | 9.68115E-4 | 18 | 523 | 0 | 
j30_16_1.rcp | 0.00232717 | 36 | 318 | 0 | 0.002723225 | 36 | 318 | 2 | 0.004196843 | 36 | 318 | 2 | 0.002433941 | 36 | 318 | 3 | 
j30_16_2.rcp | 9.40632E-4 | 18 | 510 | 0 | 0.001125922 | 18 | 510 | 0 | 0.001671978 | 18 | 510 | 0 | 0.001005749 | 18 | 510 | 0 | 
j30_16_3.rcp | 8.41856E-4 | 18 | 255 | 0 | 9.6844E-4 | 18 | 255 | 0 | 0.00150022 | 18 | 255 | 0 | 8.42668E-4 | 18 | 255 | 0 | 
j30_16_4.rcp | 8.53487E-4 | 18 | 304 | 0 | 0.001038493 | 18 | 304 | 0 | 0.001582687 | 18 | 304 | 0 | 9.06258E-4 | 18 | 304 | 0 | 
j30_16_5.rcp | 9.55037E-4 | 18 | 287 | 0 | 0.001107702 | 18 | 287 | 0 | 0.00168248 | 18 | 287 | 0 | 0.001079977 | 18 | 287 | 0 | 
j30_16_6.rcp | 9.72802E-4 | 18 | 382 | 0 | 0.001135891 | 18 | 382 | 0 | 0.001613348 | 18 | 382 | 0 | 8.63832E-4 | 18 | 382 | 0 | 
j30_16_7.rcp | 9.11157E-4 | 18 | 428 | 0 | 0.001086179 | 18 | 428 | 0 | 0.00249695 | 18 | 428 | 0 | 9.55436E-4 | 18 | 428 | 0 | 
j30_16_8.rcp | 0.001054115 | 18 | 326 | 0 | 0.001161105 | 18 | 326 | 0 | 0.001698881 | 18 | 326 | 0 | 8.84205E-4 | 18 | 326 | 0 | 
j30_16_9.rcp | 8.59797E-4 | 18 | 484 | 0 | 0.001048613 | 18 | 484 | 0 | 0.001567162 | 18 | 484 | 0 | 9.27037E-4 | 18 | 484 | 0 | 
j30_16_10.rcp | 8.45215E-4 | 18 | 381 | 0 | 0.001043883 | 18 | 381 | 0 | 0.001581334 | 18 | 381 | 0 | 9.52298E-4 | 18 | 381 | 0 | 
j30_17_1.rcp | 1.59993E-4 | 18 | 680 | 2 | 1.57006E-4 | 18 | 680 | 3 | 2.05216E-4 | 18 | 680 | 3 | 1.78071E-4 | 18 | 680 | 3 | 
j30_17_2.rcp | 2.65894E-4 | 36 | 589 | 3 | 2.99828E-4 | 36 | 589 | 3 | 3.83438E-4 | 36 | 589 | 3 | 2.89804E-4 | 36 | 589 | 3 | 
j30_17_3.rcp | 1.50795E-4 | 18 | 492 | 1 | 1.73162E-4 | 18 | 492 | 1 | 2.27741E-4 | 18 | 492 | 1 | 1.68755E-4 | 18 | 492 | 1 | 
j30_17_4.rcp | 1.62929E-4 | 18 | 481 | 3 | 1.83125E-4 | 18 | 481 | 4 | 2.34099E-4 | 18 | 481 | 4 | 1.72422E-4 | 18 | 481 | 4 | 
j30_17_5.rcp | 1.91084E-4 | 18 | 409 | 1 | 1.92767E-4 | 18 | 409 | 4 | 2.50466E-4 | 18 | 409 | 4 | 1.87367E-4 | 18 | 409 | 5 | 
j30_17_6.rcp | 1.35363E-4 | 18 | 489 | 1 | 1.40941E-4 | 18 | 489 | 2 | 1.85026E-4 | 18 | 489 | 2 | 1.40721E-4 | 18 | 489 | 2 | 
j30_17_7.rcp | 1.67133E-4 | 18 | 486 | 2 | 1.81249E-4 | 18 | 486 | 4 | 2.37277E-4 | 18 | 486 | 4 | 1.75575E-4 | 18 | 486 | 4 | 
j30_17_8.rcp | 5.09886E-4 | 42 | 390 | 6 | 5.93616E-4 | 42 | 390 | 9 | 7.52517E-4 | 42 | 390 | 9 | 5.04332E-4 | 42 | 390 | 15 | 
j30_17_9.rcp | 1.86022E-4 | 18 | 347 | 1 | 2.082E-4 | 18 | 347 | 2 | 2.80861E-4 | 18 | 347 | 2 | 1.90241E-4 | 18 | 347 | 2 | 
j30_17_10.rcp | 1.76959E-4 | 18 | 409 | 2 | 1.68606E-4 | 18 | 409 | 4 | 2.17141E-4 | 18 | 409 | 4 | 1.605E-4 | 18 | 409 | 4 | 
j30_18_1.rcp | 1.19466E-4 | 18 | 233 | 1 | 1.33556E-4 | 18 | 233 | 1 | 1.85275E-4 | 18 | 233 | 1 | 1.30025E-4 | 18 | 233 | 1 | 
j30_18_2.rcp | 1.73565E-4 | 18 | 407 | 1 | 2.05481E-4 | 18 | 407 | 1 | 2.72234E-4 | 18 | 407 | 1 | 1.91743E-4 | 18 | 407 | 2 | 
j30_18_3.rcp | 1.42704E-4 | 18 | 432 | 0 | 1.46863E-4 | 18 | 432 | 1 | 1.90358E-4 | 18 | 432 | 1 | 1.43727E-4 | 18 | 432 | 1 | 
j30_18_4.rcp | 1.73453E-4 | 18 | 561 | 2 | 2.02504E-4 | 18 | 561 | 3 | 2.57339E-4 | 18 | 561 | 3 | 2.01752E-4 | 18 | 561 | 3 | 
j30_18_5.rcp | 1.43824E-4 | 18 | 504 | 0 | 1.6487E-4 | 18 | 504 | 1 | 2.20587E-4 | 18 | 504 | 1 | 1.57833E-4 | 18 | 504 | 1 | 
j30_18_6.rcp | 1.47345E-4 | 18 | 427 | 0 | 1.54144E-4 | 18 | 427 | 0 | 2.01865E-4 | 18 | 427 | 0 | 1.47084E-4 | 18 | 427 | 0 | 
j30_18_7.rcp | 1.22257E-4 | 18 | 333 | 1 | 1.38601E-4 | 18 | 333 | 1 | 1.77051E-4 | 18 | 333 | 1 | 1.36222E-4 | 18 | 333 | 1 | 
j30_18_8.rcp | 1.22008E-4 | 18 | 310 | 0 | 1.38245E-4 | 18 | 310 | 0 | 1.77187E-4 | 18 | 310 | 0 | 1.34415E-4 | 18 | 310 | 0 | 
j30_18_9.rcp | 4.65618E-4 | 50 | 385 | 10 | 5.48468E-4 | 50 | 385 | 14 | 7.11456E-4 | 50 | 385 | 14 | 5.43847E-4 | 50 | 385 | 14 | 
j30_18_10.rcp | 3.39674E-4 | 38 | 434 | 4 | 3.88694E-4 | 38 | 434 | 3 | 5.04451E-4 | 38 | 434 | 3 | 3.93902E-4 | 38 | 434 | 4 | 
j30_19_1.rcp | 2.30029E-4 | 30 | 281 | 3 | 2.61767E-4 | 30 | 281 | 4 | 3.51975E-4 | 30 | 281 | 4 | 2.46566E-4 | 30 | 281 | 4 | 
j30_19_2.rcp | 1.76187E-4 | 18 | 606 | 0 | 1.99778E-4 | 18 | 606 | 0 | 2.62748E-4 | 18 | 606 | 0 | 1.85844E-4 | 18 | 606 | 0 | 
j30_19_3.rcp | 6.36987E-4 | 50 | 688 | 8 | 5.01585E-4 | 50 | 688 | 10 | 6.39867E-4 | 50 | 688 | 10 | 4.60949E-4 | 50 | 688 | 10 | 
j30_19_4.rcp | 1.52871E-4 | 18 | 479 | 0 | 1.49696E-4 | 18 | 479 | 2 | 1.93151E-4 | 18 | 479 | 2 | 1.46332E-4 | 18 | 479 | 2 | 
j30_19_5.rcp | 3.21777E-4 | 36 | 310 | 1 | 3.9099E-4 | 36 | 310 | 1 | 4.64895E-4 | 36 | 310 | 1 | 3.41067E-4 | 36 | 310 | 5 | 
j30_19_6.rcp | 1.28025E-4 | 18 | 313 | 0 | 1.42325E-4 | 18 | 313 | 1 | 1.86271E-4 | 18 | 313 | 1 | 1.39495E-4 | 18 | 313 | 1 | 
j30_19_7.rcp | 1.34764E-4 | 18 | 368 | 1 | 1.54708E-4 | 18 | 368 | 2 | 1.96643E-4 | 18 | 368 | 2 | 1.48939E-4 | 18 | 368 | 2 | 
j30_19_8.rcp | 2.44065E-4 | 36 | 630 | 0 | 2.78172E-4 | 36 | 630 | 1 | 3.71182E-4 | 36 | 630 | 1 | 2.71995E-4 | 36 | 630 | 1 | 
j30_19_9.rcp | 1.50113E-4 | 18 | 340 | 2 | 1.70044E-4 | 18 | 340 | 2 | 2.19623E-4 | 18 | 340 | 2 | 1.66466E-4 | 18 | 340 | 2 | 
j30_19_10.rcp | 1.55182E-4 | 18 | 532 | 0 | 1.71034E-4 | 18 | 532 | 1 | 2.25274E-4 | 18 | 532 | 1 | 1.64782E-4 | 18 | 532 | 1 | 
j30_20_1.rcp | 1.74241E-4 | 18 | 382 | 0 | 1.52321E-4 | 18 | 382 | 0 | 1.92325E-4 | 18 | 382 | 0 | 1.4572E-4 | 18 | 382 | 0 | 
j30_20_2.rcp | 1.41435E-4 | 18 | 475 | 1 | 1.59743E-4 | 18 | 475 | 1 | 2.12517E-4 | 18 | 475 | 1 | 1.87172E-4 | 18 | 475 | 1 | 
j30_20_3.rcp | 1.48236E-4 | 18 | 503 | 0 | 1.56651E-4 | 18 | 503 | 0 | 2.0135E-4 | 18 | 503 | 0 | 1.5061E-4 | 18 | 503 | 0 | 
j30_20_4.rcp | 1.36243E-4 | 18 | 409 | 0 | 1.4654E-4 | 18 | 409 | 0 | 1.89958E-4 | 18 | 409 | 0 | 1.41779E-4 | 18 | 409 | 0 | 
j30_20_5.rcp | 3.56743E-4 | 40 | 252 | 5 | 3.74717E-4 | 40 | 252 | 8 | 4.74898E-4 | 40 | 252 | 8 | 3.59272E-4 | 40 | 252 | 8 | 
j30_20_6.rcp | 1.3203E-4 | 18 | 311 | 0 | 1.41437E-4 | 18 | 311 | 0 | 1.82221E-4 | 18 | 311 | 0 | 1.42219E-4 | 18 | 311 | 0 | 
j30_20_7.rcp | 1.38393E-4 | 18 | 453 | 0 | 1.45036E-4 | 18 | 453 | 0 | 1.88805E-4 | 18 | 453 | 0 | 1.40969E-4 | 18 | 453 | 0 | 
j30_20_8.rcp | 1.3476E-4 | 18 | 559 | 0 | 1.5188E-4 | 18 | 559 | 0 | 1.94355E-4 | 18 | 559 | 0 | 1.45742E-4 | 18 | 559 | 0 | 
j30_20_9.rcp | 1.30825E-4 | 18 | 286 | 0 | 1.45224E-4 | 18 | 286 | 0 | 1.89287E-4 | 18 | 286 | 0 | 1.40814E-4 | 18 | 286 | 0 | 
j30_20_10.rcp | 1.24974E-4 | 18 | 403 | 0 | 1.38851E-4 | 18 | 403 | 0 | 1.8209E-4 | 18 | 403 | 0 | 1.36182E-4 | 18 | 403 | 0 | 
j30_21_1.rcp | 600.00006 | 14589230 | -1 | 17295556 | 600.0 | 21515951 | -1 | 27907697 | 600.00006 | 15549093 | -1 | 20148035 | 600.00006 | 13887923 | -1 | 18133665 | 
j30_21_2.rcp | 6.22498E-4 | 18 | 284 | 6 | 7.23838E-4 | 18 | 284 | 8 | 9.92654E-4 | 18 | 284 | 8 | 7.00357E-4 | 18 | 284 | 8 | 
j30_21_3.rcp | 0.00170815 | 36 | 762 | 11 | 0.001905492 | 36 | 762 | 12 | 0.002342552 | 36 | 762 | 12 | 0.00150014 | 36 | 762 | 13 | 
j30_21_4.rcp | 0.002734752 | 42 | 385 | 27 | 0.003243667 | 42 | 385 | 28 | 0.003794902 | 42 | 385 | 28 | 0.002422414 | 42 | 385 | 37 | 
j30_21_5.rcp | 0.002172281 | 52 | 636 | 42 | 0.00263209 | 52 | 636 | 48 | 0.003278274 | 52 | 636 | 48 | 0.002309529 | 52 | 636 | 47 | 
j30_21_6.rcp | 0.00170465 | 70 | 370 | 39 | 0.001528689 | 70 | 370 | 26 | 0.002041019 | 70 | 370 | 26 | 0.001326783 | 70 | 370 | 30 | 
j30_21_7.rcp | 0.002868274 | 66 | 586 | 35 | 0.003199676 | 66 | 586 | 53 | 0.004447291 | 66 | 586 | 53 | 0.002895995 | 66 | 586 | 75 | 
j30_21_8.rcp | 207.30615 | 3408867 | 394 | 4680906 | 240.61145 | 3408867 | 394 | 5774319 | 336.47623 | 3408867 | 394 | 5647648 | 227.436 | 3408867 | 394 | 7095498 | 
j30_21_9.rcp | 600.00006 | 16668484 | -1 | 7919302 | 600.00006 | 15384366 | -1 | 10781147 | 600.00006 | 11411689 | -1 | 8052382 | 600.00006 | 16594322 | -1 | 12675951 | 
j30_21_10.rcp | 428.09375 | 8379943 | 781 | 12084926 | 547.7507 | 8379943 | 781 | 12467277 | 600.00006 | 7466548 | -1 | 11082670 | 533.79126 | 8379943 | 781 | 13250863 | 
j30_22_1.rcp | 4.66049E-4 | 18 | 352 | 1 | 5.07583E-4 | 18 | 352 | 2 | 6.85856E-4 | 18 | 352 | 2 | 4.07395E-4 | 18 | 352 | 2 | 
j30_22_2.rcp | 2.84024E-4 | 18 | 309 | 0 | 3.6489E-4 | 18 | 309 | 0 | 5.11648E-4 | 18 | 309 | 0 | 3.38346E-4 | 18 | 309 | 0 | 
j30_22_3.rcp | 2.71283E-4 | 18 | 635 | 0 | 3.41801E-4 | 18 | 635 | 0 | 4.73362E-4 | 18 | 635 | 0 | 3.10785E-4 | 18 | 635 | 0 | 
j30_22_4.rcp | 5.21637E-4 | 31 | 328 | 0 | 6.68748E-4 | 31 | 328 | 2 | 9.42169E-4 | 31 | 328 | 2 | 5.70486E-4 | 31 | 328 | 5 | 
j30_22_5.rcp | 3.8556E-4 | 18 | 320 | 2 | 4.94693E-4 | 18 | 320 | 4 | 7.06744E-4 | 18 | 320 | 4 | 4.19049E-4 | 18 | 320 | 8 | 
j30_22_6.rcp | 5.01775E-4 | 18 | 507 | 0 | 6.0411E-4 | 18 | 507 | 2 | 8.23821E-4 | 18 | 507 | 2 | 4.845E-4 | 18 | 507 | 4 | 
j30_22_7.rcp | 0.00134997 | 60 | 334 | 13 | 0.001737889 | 60 | 334 | 16 | 0.002365899 | 60 | 334 | 16 | 0.00157631 | 60 | 334 | 18 | 
j30_22_8.rcp | 2.29914E-4 | 18 | 460 | 0 | 2.75383E-4 | 18 | 460 | 1 | 4.05144E-4 | 18 | 460 | 1 | 2.71027E-4 | 18 | 460 | 1 | 
j30_22_9.rcp | 6.40034E-4 | 36 | 495 | 4 | 7.94766E-4 | 36 | 495 | 4 | 0.001080641 | 36 | 495 | 4 | 7.15491E-4 | 36 | 495 | 7 | 
j30_22_10.rcp | 6.37067E-4 | 36 | 409 | 0 | 8.00875E-4 | 36 | 409 | 0 | 0.001122166 | 36 | 409 | 0 | 7.3237E-4 | 36 | 409 | 0 | 
j30_23_1.rcp | 0.001008202 | 46 | 544 | 0 | 8.6961E-4 | 46 | 544 | 2 | 0.001198799 | 46 | 544 | 2 | 8.13223E-4 | 46 | 544 | 2 | 
j30_23_2.rcp | 3.72843E-4 | 18 | 503 | 0 | 4.8127E-4 | 18 | 503 | 0 | 5.95417E-4 | 18 | 503 | 0 | 4.05525E-4 | 18 | 503 | 0 | 
j30_23_3.rcp | 8.18591E-4 | 36 | 385 | 1 | 9.8232E-4 | 36 | 385 | 3 | 0.00139588 | 36 | 385 | 3 | 0.001842519 | 36 | 385 | 6 | 
j30_23_4.rcp | 0.001786327 | 62 | 461 | 14 | 0.002190332 | 62 | 461 | 25 | 0.003206597 | 62 | 461 | 25 | 0.002130271 | 62 | 461 | 27 | 
j30_23_5.rcp | 8.93942E-4 | 31 | 363 | 3 | 0.001168436 | 31 | 363 | 5 | 0.001429151 | 31 | 363 | 5 | 9.25858E-4 | 31 | 363 | 8 | 
j30_23_6.rcp | 4.50896E-4 | 18 | 302 | 0 | 5.69819E-4 | 18 | 302 | 0 | 7.30823E-4 | 18 | 302 | 0 | 4.59813E-4 | 18 | 302 | 1 | 
j30_23_7.rcp | 0.001677072 | 54 | 535 | 4 | 0.001951014 | 54 | 535 | 7 | 0.002481013 | 54 | 535 | 7 | 0.001525761 | 54 | 535 | 7 | 
j30_23_8.rcp | 2.45553E-4 | 18 | 384 | 0 | 3.04604E-4 | 18 | 384 | 0 | 4.14411E-4 | 18 | 384 | 0 | 2.82226E-4 | 18 | 384 | 0 | 
j30_23_9.rcp | 5.03349E-4 | 18 | 477 | 2 | 6.03069E-4 | 18 | 477 | 5 | 8.52117E-4 | 18 | 477 | 5 | 5.62267E-4 | 18 | 477 | 5 | 
j30_23_10.rcp | 8.32185E-4 | 40 | 518 | 3 | 9.77962E-4 | 40 | 518 | 4 | 0.001375946 | 40 | 518 | 4 | 9.02245E-4 | 40 | 518 | 4 | 
j30_24_1.rcp | 3.17357E-4 | 18 | 432 | 0 | 4.00679E-4 | 18 | 432 | 0 | 5.32546E-4 | 18 | 432 | 0 | 3.47475E-4 | 18 | 432 | 0 | 
j30_24_2.rcp | 8.01648E-4 | 36 | 278 | 0 | 0.001062519 | 36 | 278 | 1 | 0.001401532 | 36 | 278 | 1 | 8.24679E-4 | 36 | 278 | 1 | 
j30_24_3.rcp | 0.001884159 | 54 | 458 | 1 | 0.001765738 | 54 | 458 | 3 | 0.002566782 | 54 | 458 | 3 | 0.001592274 | 54 | 458 | 3 | 
j30_24_4.rcp | 5.77633E-4 | 18 | 411 | 0 | 7.14672E-4 | 18 | 411 | 0 | 9.8028E-4 | 18 | 411 | 0 | 4.56029E-4 | 18 | 411 | 0 | 
j30_24_5.rcp | 8.10191E-4 | 18 | 613 | 0 | 0.001006352 | 18 | 613 | 0 | 0.001259843 | 18 | 613 | 0 | 5.7484E-4 | 18 | 613 | 1 | 
j30_24_6.rcp | 4.61771E-4 | 18 | 465 | 0 | 6.05833E-4 | 18 | 465 | 0 | 7.85452E-4 | 18 | 465 | 0 | 4.76307E-4 | 18 | 465 | 0 | 
j30_24_7.rcp | 4.00336E-4 | 18 | 511 | 1 | 5.13097E-4 | 18 | 511 | 1 | 6.3499E-4 | 18 | 511 | 1 | 4.26522E-4 | 18 | 511 | 1 | 
j30_24_8.rcp | 3.94892E-4 | 18 | 309 | 0 | 4.63777E-4 | 18 | 309 | 0 | 5.80727E-4 | 18 | 309 | 0 | 3.74114E-4 | 18 | 309 | 0 | 
j30_24_9.rcp | 4.97713E-4 | 18 | 508 | 0 | 6.57693E-4 | 18 | 508 | 0 | 5.58549E-4 | 18 | 508 | 0 | 3.78471E-4 | 18 | 508 | 0 | 
j30_24_10.rcp | 4.26801E-4 | 18 | 405 | 0 | 5.56299E-4 | 18 | 405 | 0 | 7.10003E-4 | 18 | 405 | 0 | 4.59572E-4 | 18 | 405 | 0 | 
j30_25_1.rcp | 600.00006 | 12508795 | -1 | 2589494 | 600.00006 | 10927842 | -1 | 3069235 | 600.00006 | 7197470 | -1 | 2128159 | 600.00006 | 12648510 | -1 | 5496084 | 
j30_25_2.rcp | 600.0001 | 10659566 | -1 | 11562208 | 600.00006 | 9115203 | -1 | 11223989 | 600.00006 | 6547628 | -1 | 8041830 | 600.0001 | 11236249 | -1 | 17059469 | 
j30_25_3.rcp | 600.00006 | 9731636 | -1 | 7288503 | 600.0001 | 8422738 | -1 | 10813630 | 600.0002 | 5724314 | -1 | 7380721 | 600.00006 | 12000219 | -1 | 24225843 | 
j30_25_4.rcp | 600.00006 | 13488407 | -1 | 18895204 | 600.00006 | 13426336 | -1 | 9414930 | 600.00006 | 8841476 | -1 | 6177586 | 600.00006 | 13530485 | -1 | 7026739 | 
j30_25_5.rcp | 600.0002 | 5254076 | -1 | 7212949 | 600.00006 | 6090064 | -1 | 7066540 | 600.0023 | 5315956 | -1 | 6169385 | 600.0001 | 10569215 | -1 | 12318781 | 
j30_25_6.rcp | 600.0001 | 7199413 | -1 | 4910619 | 600.0002 | 6755746 | -1 | 6067121 | 600.00006 | 5107066 | -1 | 4580601 | 600.00006 | 8344692 | -1 | 8298165 | 
j30_25_7.rcp | 0.31669626 | 2057 | 762 | 3514 | 0.3969551 | 2057 | 762 | 4087 | 0.5361441 | 2057 | 762 | 4087 | 0.3321123 | 2057 | 762 | 3883 | 
j30_25_8.rcp | 600.00006 | 16610374 | -1 | 14566069 | 600.00006 | 17189688 | -1 | 9791125 | 600.00006 | 12021678 | -1 | 6851943 | 600.00006 | 19207813 | -1 | 11132080 | 
j30_25_9.rcp | 7.6480017 | 87544 | 585 | 23113 | 7.3953314 | 87544 | 585 | 11323 | 11.21847 | 87544 | 585 | 11323 | 7.389482 | 87544 | 585 | 22275 | 
j30_25_10.rcp | 0.004637704 | 81 | 407 | 44 | 0.005327732 | 81 | 407 | 51 | 0.007448947 | 81 | 407 | 51 | 0.004368866 | 81 | 407 | 69 | 
j30_26_1.rcp | 0.012648637 | 67 | 413 | 6 | 0.005891777 | 67 | 413 | 14 | 0.007351995 | 67 | 413 | 14 | 0.004529951 | 67 | 413 | 27 | 
j30_26_2.rcp | 6.5764E-4 | 18 | 353 | 0 | 7.50232E-4 | 18 | 353 | 0 | 0.001089544 | 18 | 353 | 0 | 6.26713E-4 | 18 | 353 | 0 | 
j30_26_3.rcp | 5.64006E-4 | 18 | 738 | 0 | 7.50733E-4 | 18 | 738 | 0 | 0.001068938 | 18 | 738 | 0 | 6.40613E-4 | 18 | 738 | 2 | 
j30_26_4.rcp | 8.30578E-4 | 18 | 421 | 0 | 0.001051225 | 18 | 421 | 1 | 0.001536068 | 18 | 421 | 1 | 0.001855853 | 18 | 421 | 5 | 
j30_26_5.rcp | 0.004918178 | 122 | 436 | 7 | 0.006230052 | 122 | 436 | 9 | 0.008727593 | 122 | 436 | 9 | 0.005301113 | 122 | 436 | 19 | 
j30_26_6.rcp | 8.93091E-4 | 18 | 436 | 1 | 0.001009812 | 18 | 436 | 2 | 0.001477631 | 18 | 436 | 2 | 0.001382715 | 18 | 436 | 3 | 
j30_26_7.rcp | 7.80304E-4 | 18 | 464 | 0 | 0.001095422 | 18 | 464 | 1 | 0.001637826 | 18 | 464 | 1 | 8.80058E-4 | 18 | 464 | 1 | 
j30_26_8.rcp | 0.004518921 | 74 | 216 | 3 | 0.005514625 | 74 | 216 | 12 | 0.008475515 | 74 | 216 | 12 | 0.004517247 | 74 | 216 | 32 | 
j30_26_9.rcp | 0.007247708 | 92 | 387 | 7 | 0.006899312 | 92 | 387 | 17 | 0.010012574 | 92 | 387 | 17 | 0.005927073 | 92 | 387 | 42 | 
j30_26_10.rcp | 600.00024 | 4078799 | -1 | 2 | 600.00006 | 3921057 | -1 | 2130253 | 600.00006 | 2610760 | -1 | 1333572 | 600.0001 | 4329959 | -1 | 4621529 | 
j30_27_1.rcp | 8.12274E-4 | 18 | 354 | 1 | 8.74098E-4 | 18 | 354 | 2 | 0.001252022 | 18 | 354 | 2 | 7.05354E-4 | 18 | 354 | 2 | 
j30_27_2.rcp | 0.001260002 | 18 | 615 | 0 | 0.001618708 | 18 | 615 | 0 | 0.001504962 | 18 | 615 | 0 | 9.63869E-4 | 18 | 615 | 0 | 
j30_27_3.rcp | 0.001016063 | 18 | 276 | 0 | 0.001283335 | 18 | 276 | 0 | 0.001825658 | 18 | 276 | 0 | 9.84482E-4 | 18 | 276 | 1 | 
j30_27_4.rcp | 600.00006 | 8238480 | -1 | 104953 | 600.0001 | 7354384 | -1 | 1869077 | 600.00006 | 4764071 | -1 | 1235723 | 600.0001 | 8842512 | -1 | 2059476 | 
j30_27_5.rcp | 0.001235834 | 36 | 459 | 1 | 0.001503218 | 36 | 459 | 1 | 0.001951699 | 36 | 459 | 1 | 0.001184272 | 36 | 459 | 1 | 
j30_27_6.rcp | 0.001331505 | 36 | 505 | 1 | 0.001636365 | 36 | 505 | 3 | 0.002434381 | 36 | 505 | 3 | 0.001434012 | 36 | 505 | 6 | 
j30_27_7.rcp | 6.35607E-4 | 18 | 360 | 0 | 8.56919E-4 | 18 | 360 | 1 | 0.001215797 | 18 | 360 | 1 | 7.19391E-4 | 18 | 360 | 1 | 
j30_27_8.rcp | 0.002408679 | 56 | 412 | 6 | 0.002765733 | 56 | 412 | 15 | 0.004192565 | 56 | 412 | 15 | 0.002445244 | 56 | 412 | 18 | 
j30_27_9.rcp | 0.001238237 | 40 | 417 | 0 | 0.001423309 | 40 | 417 | 0 | 0.002113685 | 40 | 417 | 0 | 0.001345064 | 40 | 417 | 0 | 
j30_27_10.rcp | 0.003751912 | 72 | 361 | 0 | 0.004284426 | 72 | 361 | 0 | 0.006619887 | 72 | 361 | 0 | 0.004975261 | 72 | 361 | 4 | 
j30_28_1.rcp | 5.38284E-4 | 18 | 347 | 0 | 6.86214E-4 | 18 | 347 | 0 | 0.001007639 | 18 | 347 | 0 | 6.1158E-4 | 18 | 347 | 0 | 
j30_28_2.rcp | 0.001071464 | 36 | 371 | 0 | 0.001382089 | 36 | 371 | 0 | 0.001944656 | 36 | 371 | 0 | 0.001220885 | 36 | 371 | 1 | 
j30_28_3.rcp | 5.94513E-4 | 18 | 402 | 0 | 7.39737E-4 | 18 | 402 | 0 | 0.001108789 | 18 | 402 | 0 | 6.4482E-4 | 18 | 402 | 1 | 
j30_28_4.rcp | 5.58346E-4 | 18 | 314 | 0 | 6.86089E-4 | 18 | 314 | 1 | 0.001036665 | 18 | 314 | 1 | 6.07908E-4 | 18 | 314 | 1 | 
j30_28_5.rcp | 0.001079264 | 36 | 439 | 1 | 0.001270316 | 36 | 439 | 3 | 0.001851557 | 36 | 439 | 3 | 0.001156161 | 36 | 439 | 3 | 
j30_28_6.rcp | 5.69883E-4 | 18 | 446 | 0 | 7.1024E-4 | 18 | 446 | 0 | 0.001024839 | 18 | 446 | 0 | 6.39232E-4 | 18 | 446 | 0 | 
j30_28_7.rcp | 5.36155E-4 | 18 | 311 | 0 | 6.81402E-4 | 18 | 311 | 0 | 0.00101157 | 18 | 311 | 0 | 6.43795E-4 | 18 | 311 | 0 | 
j30_28_8.rcp | 5.43211E-4 | 18 | 727 | 0 | 6.88123E-4 | 18 | 727 | 0 | 0.001013756 | 18 | 727 | 0 | 7.93181E-4 | 18 | 727 | 0 | 
j30_28_9.rcp | 6.04076E-4 | 18 | 532 | 0 | 7.31073E-4 | 18 | 532 | 0 | 0.001088852 | 18 | 532 | 0 | 6.47455E-4 | 18 | 532 | 0 | 
j30_28_10.rcp | 5.54131E-4 | 18 | 533 | 0 | 7.04306E-4 | 18 | 533 | 0 | 0.001005591 | 18 | 533 | 0 | 6.34072E-4 | 18 | 533 | 0 | 
j30_29_1.rcp | 600.00055 | 7681518 | -1 | 6031179 | 600.00006 | 8972671 | -1 | 7184635 | 600.00006 | 6178009 | -1 | 4841606 | 600.00006 | 10261186 | -1 | 8207539 | 
j30_29_2.rcp | 0.021469591 | 219 | 620 | 166 | 0.022517461 | 219 | 620 | 168 | 0.0321037 | 219 | 620 | 168 | 0.019647462 | 219 | 620 | 209 | 
j30_29_3.rcp | 600.00006 | 4823554 | -1 | 7777020 | 600.0001 | 4070932 | -1 | 7534830 | 600.00006 | 2837487 | -1 | 5227467 | 600.00006 | 3883157 | -1 | 10532159 | 
j30_29_4.rcp | 600.00006 | 4736273 | -1 | 4902156 | 600.00006 | 4429559 | -1 | 4847607 | 600.0002 | 3010471 | -1 | 3311566 | 600.00006 | 5249561 | -1 | 7426394 | 
j30_29_5.rcp | 600.00006 | 8569706 | -1 | 9000254 | 600.00006 | 9018607 | -1 | 9553730 | 600.0002 | 6486254 | -1 | 6858367 | 600.00006 | 9523416 | -1 | 10791205 | 
j30_29_6.rcp | 0.48529646 | 2672 | 466 | 3868 | 0.57057804 | 2672 | 466 | 4497 | 0.86081153 | 2672 | 466 | 4497 | 0.4770212 | 2672 | 466 | 5910 | 
j30_29_7.rcp | 0.004101952 | 48 | 487 | 9 | 0.004684773 | 48 | 487 | 20 | 0.007000217 | 48 | 487 | 20 | 0.003765549 | 48 | 487 | 34 | 
j30_29_8.rcp | 600.0001 | 5325327 | -1 | 4635265 | 600.00006 | 5366006 | -1 | 5752921 | 600.0002 | 3546388 | -1 | 3633824 | 600.00006 | 5897221 | -1 | 7935638 | 
j30_29_9.rcp | 600.00006 | 7200233 | -1 | 4707928 | 600.0002 | 5887953 | -1 | 5600367 | 600.0004 | 4528516 | -1 | 3766850 | 600.00006 | 8044842 | -1 | 9756663 | 
j30_29_10.rcp | 0.020194838 | 217 | 376 | 167 | 0.019971767 | 217 | 376 | 144 | 0.029424291 | 217 | 376 | 144 | 0.018121189 | 217 | 376 | 170 | 
j30_30_1.rcp | 0.001363862 | 18 | 260 | 0 | 0.001647241 | 18 | 260 | 1 | 0.002591916 | 18 | 260 | 1 | 0.001414868 | 18 | 260 | 5 | 
j30_30_2.rcp | 0.002402207 | 36 | 535 | 3 | 0.002982293 | 36 | 535 | 3 | 0.004398725 | 36 | 535 | 3 | 0.002471244 | 36 | 535 | 8 | 
j30_30_3.rcp | 0.003532862 | 36 | 431 | 2 | 0.004149336 | 36 | 431 | 5 | 0.006436328 | 36 | 431 | 5 | 0.003270822 | 36 | 431 | 19 | 
j30_30_4.rcp | 0.001020894 | 18 | 331 | 1 | 0.001241104 | 18 | 331 | 3 | 0.00190785 | 18 | 331 | 3 | 0.00100555 | 18 | 331 | 4 | 
j30_30_5.rcp | 0.003069604 | 54 | 384 | 0 | 0.003744225 | 54 | 384 | 0 | 0.005735682 | 54 | 384 | 0 | 0.003933973 | 54 | 384 | 4 | 
j30_30_6.rcp | 0.014640111 | 136 | 376 | 0 | 0.01538633 | 136 | 376 | 3 | 0.02287725 | 136 | 376 | 3 | 0.011988047 | 136 | 376 | 83 | 
j30_30_7.rcp | 0.003379033 | 36 | 615 | 0 | 0.004058332 | 36 | 615 | 3 | 0.005688866 | 36 | 615 | 3 | 0.002414169 | 36 | 615 | 6 | 
j30_30_8.rcp | 0.002558443 | 36 | 301 | 0 | 0.003040712 | 36 | 301 | 0 | 0.004817488 | 36 | 301 | 0 | 0.002649765 | 36 | 301 | 1 | 
j30_30_9.rcp | 0.00140986 | 18 | 377 | 0 | 0.001708079 | 18 | 377 | 0 | 0.002329437 | 18 | 377 | 0 | 0.001265661 | 18 | 377 | 0 | 
j30_30_10.rcp | 0.002467667 | 36 | 708 | 0 | 0.002490937 | 36 | 708 | 2 | 0.003596242 | 36 | 708 | 2 | 0.002104172 | 36 | 708 | 4 | 
j30_31_1.rcp | 0.00141906 | 18 | 357 | 0 | 0.001774465 | 18 | 357 | 0 | 0.00244297 | 18 | 357 | 0 | 0.001267035 | 18 | 357 | 2 | 
j30_31_2.rcp | 0.001239115 | 18 | 301 | 0 | 0.001353126 | 18 | 301 | 0 | 0.00202624 | 18 | 301 | 0 | 0.001113212 | 18 | 301 | 2 | 
j30_31_3.rcp | 0.001152795 | 18 | 460 | 0 | 0.001347111 | 18 | 460 | 1 | 0.002024988 | 18 | 460 | 1 | 0.001164528 | 18 | 460 | 3 | 
j30_31_4.rcp | 8.50363E-4 | 18 | 242 | 0 | 0.001715256 | 18 | 242 | 1 | 0.001572293 | 18 | 242 | 1 | 8.67081E-4 | 18 | 242 | 1 | 
j30_31_5.rcp | 0.004554743 | 74 | 334 | 1 | 0.005469444 | 74 | 334 | 5 | 0.008195328 | 74 | 334 | 5 | 0.004651876 | 74 | 334 | 15 | 
j30_31_6.rcp | 0.001079895 | 18 | 428 | 0 | 0.001338859 | 18 | 428 | 0 | 0.002005344 | 18 | 428 | 0 | 0.001143242 | 18 | 428 | 0 | 
j30_31_7.rcp | 0.001831826 | 36 | 785 | 0 | 0.002698329 | 36 | 785 | 1 | 0.004575255 | 36 | 785 | 1 | 0.002405512 | 36 | 785 | 3 | 
j30_31_8.rcp | 0.001047598 | 18 | 546 | 0 | 0.001203298 | 18 | 546 | 0 | 0.001777918 | 18 | 546 | 0 | 9.91329E-4 | 18 | 546 | 2 | 
j30_31_9.rcp | 0.001581594 | 18 | 415 | 1 | 0.001835955 | 18 | 415 | 2 | 0.002591911 | 18 | 415 | 2 | 0.001328219 | 18 | 415 | 4 | 
j30_31_10.rcp | 0.002156976 | 36 | 427 | 0 | 0.002401023 | 36 | 427 | 0 | 0.003582704 | 36 | 427 | 0 | 0.002060337 | 36 | 427 | 1 | 
j30_32_1.rcp | 9.83245E-4 | 18 | 434 | 0 | 0.001145575 | 18 | 434 | 0 | 0.001713823 | 18 | 434 | 0 | 0.001026833 | 18 | 434 | 0 | 
j30_32_2.rcp | 9.29944E-4 | 18 | 710 | 0 | 0.001182697 | 18 | 710 | 0 | 0.001704809 | 18 | 710 | 0 | 0.001019044 | 18 | 710 | 0 | 
j30_32_3.rcp | 9.38977E-4 | 18 | 260 | 0 | 0.001005573 | 18 | 260 | 0 | 0.001584407 | 18 | 260 | 0 | 8.91998E-4 | 18 | 260 | 0 | 
j30_32_4.rcp | 9.07575E-4 | 18 | 670 | 0 | 0.001119179 | 18 | 670 | 0 | 0.001638906 | 18 | 670 | 0 | 9.89076E-4 | 18 | 670 | 0 | 
j30_32_5.rcp | 9.68712E-4 | 18 | 486 | 0 | 0.001150723 | 18 | 486 | 0 | 0.001725673 | 18 | 486 | 0 | 0.001009084 | 18 | 486 | 0 | 
j30_32_6.rcp | 0.001209324 | 18 | 216 | 0 | 0.001437826 | 18 | 216 | 0 | 0.002020498 | 18 | 216 | 0 | 0.001098319 | 18 | 216 | 0 | 
j30_32_7.rcp | 0.00105041 | 18 | 278 | 0 | 0.001133014 | 18 | 278 | 0 | 0.00171034 | 18 | 278 | 0 | 9.27814E-4 | 18 | 278 | 0 | 
j30_32_8.rcp | 8.14709E-4 | 18 | 360 | 0 | 0.001000028 | 18 | 360 | 0 | 0.001530034 | 18 | 360 | 0 | 8.69918E-4 | 18 | 360 | 0 | 
j30_32_9.rcp | 8.81473E-4 | 18 | 541 | 0 | 0.001109351 | 18 | 541 | 0 | 0.001645588 | 18 | 541 | 0 | 9.62233E-4 | 18 | 541 | 0 | 
j30_32_10.rcp | 9.67817E-4 | 18 | 465 | 0 | 0.001094643 | 18 | 465 | 0 | 0.001703819 | 18 | 465 | 0 | 0.001002647 | 18 | 465 | 0 | 
j30_33_1.rcp | 3.92365E-4 | 36 | 514 | 8 | 4.37392E-4 | 36 | 514 | 8 | 5.49745E-4 | 36 | 514 | 8 | 4.24691E-4 | 36 | 514 | 9 | 
j30_33_2.rcp | 6.17605E-4 | 38 | 493 | 16 | 7.46865E-4 | 38 | 493 | 16 | 8.62423E-4 | 38 | 493 | 16 | 6.52118E-4 | 38 | 493 | 16 | 
j30_33_3.rcp | 3.88262E-4 | 36 | 505 | 11 | 4.07112E-4 | 36 | 505 | 11 | 5.17236E-4 | 36 | 505 | 11 | 4.09916E-4 | 36 | 505 | 11 | 
j30_33_4.rcp | 600.00006 | 47410824 | -1 | 31222405 | 600.00006 | 69599769 | -1 | 48968941 | 600.00006 | 54464764 | -1 | 38356049 | 600.00006 | 61187070 | -1 | 51840995 | 
j30_33_5.rcp | 1.97072E-4 | 18 | 329 | 3 | 1.77811E-4 | 18 | 329 | 3 | 2.15053E-4 | 18 | 329 | 3 | 1.63469E-4 | 18 | 329 | 3 | 
j30_33_6.rcp | 600.00006 | 53171646 | -1 | 22176609 | 600.00006 | 48214497 | -1 | 16886928 | 600.00006 | 38437727 | -1 | 13456923 | 600.00006 | 48175111 | -1 | 16867765 | 
j30_33_7.rcp | 4.50042E-4 | 36 | 497 | 7 | 4.95035E-4 | 36 | 497 | 8 | 6.02111E-4 | 36 | 497 | 8 | 4.38153E-4 | 36 | 497 | 9 | 
j30_33_8.rcp | 0.001033132 | 38 | 386 | 11 | 0.001062844 | 38 | 386 | 15 | 9.70007E-4 | 38 | 386 | 15 | 6.91465E-4 | 38 | 386 | 15 | 
j30_33_9.rcp | 3.24238E-4 | 18 | 370 | 7 | 3.21777E-4 | 18 | 370 | 10 | 3.70143E-4 | 18 | 370 | 10 | 2.87461E-4 | 18 | 370 | 10 | 
j30_33_10.rcp | 1.63261E-4 | 18 | 357 | 1 | 1.83881E-4 | 18 | 357 | 1 | 2.3827E-4 | 18 | 357 | 1 | 1.64518E-4 | 18 | 357 | 1 | 
j30_34_1.rcp | 1.69818E-4 | 18 | 467 | 2 | 1.76158E-4 | 18 | 467 | 3 | 2.27954E-4 | 18 | 467 | 3 | 1.71462E-4 | 18 | 467 | 3 | 
j30_34_2.rcp | 1.55993E-4 | 18 | 278 | 1 | 1.70154E-4 | 18 | 278 | 1 | 2.23231E-4 | 18 | 278 | 1 | 1.61574E-4 | 18 | 278 | 1 | 
j30_34_3.rcp | 1.27213E-4 | 18 | 493 | 0 | 1.42936E-4 | 18 | 493 | 0 | 1.84148E-4 | 18 | 493 | 0 | 1.39147E-4 | 18 | 493 | 0 | 
j30_34_4.rcp | 4.23794E-4 | 38 | 463 | 9 | 3.95428E-4 | 38 | 463 | 6 | 5.32636E-4 | 38 | 463 | 6 | 3.95249E-4 | 38 | 463 | 7 | 
j30_34_5.rcp | 1.16729E-4 | 18 | 513 | 0 | 1.32611E-4 | 18 | 513 | 0 | 1.75979E-4 | 18 | 513 | 0 | 1.30126E-4 | 18 | 513 | 0 | 
j30_34_6.rcp | 1.17969E-4 | 18 | 493 | 1 | 1.29595E-4 | 18 | 493 | 1 | 1.65478E-4 | 18 | 493 | 1 | 1.35031E-4 | 18 | 493 | 1 | 
j30_34_7.rcp | 1.79436E-4 | 18 | 344 | 2 | 2.1875E-4 | 18 | 344 | 2 | 2.7251E-4 | 18 | 344 | 2 | 2.08266E-4 | 18 | 344 | 2 | 
j30_34_8.rcp | 1.21316E-4 | 18 | 403 | 0 | 1.64182E-4 | 18 | 403 | 0 | 1.7637E-4 | 18 | 403 | 0 | 1.32558E-4 | 18 | 403 | 0 | 
j30_34_9.rcp | 4.83996E-4 | 56 | 261 | 7 | 5.17898E-4 | 56 | 261 | 6 | 6.83524E-4 | 56 | 261 | 6 | 4.94442E-4 | 56 | 261 | 12 | 
j30_34_10.rcp | 2.42972E-4 | 31 | 416 | 0 | 2.69341E-4 | 31 | 416 | 0 | 3.48076E-4 | 31 | 416 | 0 | 2.51951E-4 | 31 | 416 | 2 | 
j30_35_1.rcp | 1.36444E-4 | 18 | 264 | 0 | 1.48998E-4 | 18 | 264 | 0 | 2.02185E-4 | 18 | 264 | 0 | 1.42688E-4 | 18 | 264 | 0 | 
j30_35_2.rcp | 2.11905E-4 | 18 | 504 | 2 | 2.27025E-4 | 18 | 504 | 2 | 2.85389E-4 | 18 | 504 | 2 | 2.13555E-4 | 18 | 504 | 2 | 
j30_35_3.rcp | 2.73413E-4 | 36 | 589 | 2 | 3.1835E-4 | 36 | 589 | 4 | 4.17514E-4 | 36 | 589 | 4 | 3.05101E-4 | 36 | 589 | 4 | 
j30_35_4.rcp | 1.3656E-4 | 18 | 255 | 1 | 1.556E-4 | 18 | 255 | 1 | 2.06071E-4 | 18 | 255 | 1 | 1.56392E-4 | 18 | 255 | 1 | 
j30_35_5.rcp | 2.47521E-4 | 36 | 556 | 1 | 2.8357E-4 | 36 | 556 | 1 | 3.76599E-4 | 36 | 556 | 1 | 3.11357E-4 | 36 | 556 | 1 | 
j30_35_6.rcp | 2.73822E-4 | 34 | 284 | 1 | 2.53819E-4 | 34 | 284 | 2 | 3.34756E-4 | 34 | 284 | 2 | 2.33578E-4 | 34 | 284 | 3 | 
j30_35_7.rcp | 2.44777E-4 | 18 | 438 | 2 | 1.96164E-4 | 18 | 438 | 2 | 2.48089E-4 | 18 | 438 | 2 | 1.88833E-4 | 18 | 438 | 2 | 
j30_35_8.rcp | 2.69723E-4 | 18 | 683 | 0 | 2.30671E-4 | 18 | 683 | 1 | 2.51784E-4 | 18 | 683 | 1 | 2.04223E-4 | 18 | 683 | 1 | 
j30_35_9.rcp | 1.7831E-4 | 18 | 502 | 0 | 1.53129E-4 | 18 | 502 | 1 | 2.05495E-4 | 18 | 502 | 1 | 1.34828E-4 | 18 | 502 | 1 | 
j30_35_10.rcp | 1.21856E-4 | 18 | 430 | 0 | 1.37417E-4 | 18 | 430 | 0 | 1.80622E-4 | 18 | 430 | 0 | 1.34279E-4 | 18 | 430 | 0 | 
j30_36_1.rcp | 1.42288E-4 | 18 | 509 | 1 | 1.63889E-4 | 18 | 509 | 1 | 2.12492E-4 | 18 | 509 | 1 | 1.58695E-4 | 18 | 509 | 1 | 
j30_36_2.rcp | 1.3555E-4 | 18 | 403 | 0 | 1.50696E-4 | 18 | 403 | 0 | 2.01675E-4 | 18 | 403 | 0 | 1.46216E-4 | 18 | 403 | 0 | 
j30_36_3.rcp | 1.60621E-4 | 18 | 710 | 0 | 1.87497E-4 | 18 | 710 | 0 | 2.48497E-4 | 18 | 710 | 0 | 1.77784E-4 | 18 | 710 | 0 | 
j30_36_4.rcp | 1.31207E-4 | 18 | 438 | 0 | 1.26266E-4 | 18 | 438 | 0 | 1.62216E-4 | 18 | 438 | 0 | 1.31516E-4 | 18 | 438 | 0 | 
j30_36_5.rcp | 1.38516E-4 | 18 | 436 | 0 | 1.57163E-4 | 18 | 436 | 0 | 2.11345E-4 | 18 | 436 | 0 | 1.5025E-4 | 18 | 436 | 0 | 
j30_36_6.rcp | 1.22666E-4 | 18 | 458 | 0 | 1.42295E-4 | 18 | 458 | 0 | 1.87117E-4 | 18 | 458 | 0 | 1.36545E-4 | 18 | 458 | 0 | 
j30_36_7.rcp | 1.42372E-4 | 18 | 290 | 0 | 1.37879E-4 | 18 | 290 | 0 | 1.7352E-4 | 18 | 290 | 0 | 1.29981E-4 | 18 | 290 | 0 | 
j30_36_8.rcp | 1.3853E-4 | 18 | 435 | 0 | 1.78766E-4 | 18 | 435 | 1 | 2.0587E-4 | 18 | 435 | 1 | 1.51462E-4 | 18 | 435 | 1 | 
j30_36_9.rcp | 1.23678E-4 | 18 | 560 | 0 | 1.46001E-4 | 18 | 560 | 0 | 1.91725E-4 | 18 | 560 | 0 | 1.39594E-4 | 18 | 560 | 0 | 
j30_36_10.rcp | 2.42962E-4 | 36 | 410 | 1 | 2.73093E-4 | 36 | 410 | 3 | 3.45952E-4 | 36 | 410 | 3 | 2.59492E-4 | 36 | 410 | 3 | 
j30_37_1.rcp | 9.76256E-4 | 21 | 421 | 29 | 0.001163484 | 21 | 421 | 25 | 0.001514631 | 21 | 421 | 25 | 0.001085399 | 21 | 421 | 27 | 
j30_37_2.rcp | 6.31626E-4 | 36 | 243 | 11 | 8.37575E-4 | 36 | 243 | 12 | 0.001129723 | 36 | 243 | 12 | 7.59794E-4 | 36 | 243 | 13 | 
j30_37_3.rcp | 600.00006 | 12919319 | -1 | 18241643 | 600.00006 | 10141480 | -1 | 11893626 | 600.0001 | 7925044 | -1 | 9312744 | 600.00006 | 14418328 | -1 | 15615802 | 
j30_37_4.rcp | 0.001253258 | 56 | 507 | 15 | 0.001312685 | 56 | 507 | 18 | 0.001630001 | 56 | 507 | 18 | 0.001167071 | 56 | 507 | 18 | 
j30_37_5.rcp | 0.003811216 | 47 | 702 | 66 | 0.003002478 | 47 | 702 | 63 | 0.00337814 | 47 | 702 | 63 | 0.002303994 | 47 | 702 | 63 | 
j30_37_6.rcp | 600.00006 | 13986651 | -1 | 16756145 | 600.00006 | 10736876 | -1 | 13308648 | 600.00006 | 8303706 | -1 | 10284767 | 600.0001 | 11226176 | -1 | 13945135 | 
j30_37_7.rcp | 600.00006 | 20570515 | -1 | 15624342 | 600.00006 | 21767634 | -1 | 11437551 | 600.00006 | 16156646 | -1 | 8470735 | 600.00006 | 24512676 | -1 | 12901893 | 
j30_37_8.rcp | 600.00006 | 21885743 | -1 | 36060159 | 600.0001 | 16707469 | -1 | 27004965 | 600.00006 | 12723480 | -1 | 20554713 | 600.00006 | 18288407 | -1 | 31689492 | 
j30_37_9.rcp | 0.001501879 | 38 | 736 | 21 | 0.001625706 | 38 | 736 | 27 | 0.002197353 | 38 | 736 | 27 | 0.001466578 | 38 | 736 | 32 | 
j30_37_10.rcp | 0.001835458 | 60 | 609 | 25 | 0.002007807 | 60 | 609 | 45 | 0.002703076 | 60 | 609 | 45 | 0.001779651 | 60 | 609 | 47 | 
j30_38_1.rcp | 5.61776E-4 | 36 | 301 | 2 | 6.95605E-4 | 36 | 301 | 2 | 9.6937E-4 | 36 | 301 | 2 | 6.27913E-4 | 36 | 301 | 3 | 
j30_38_2.rcp | 3.10858E-4 | 18 | 336 | 0 | 3.95746E-4 | 18 | 336 | 0 | 5.72499E-4 | 18 | 336 | 0 | 3.6369E-4 | 18 | 336 | 0 | 
j30_38_3.rcp | 0.001992023 | 54 | 513 | 6 | 0.001541835 | 54 | 513 | 12 | 0.002091461 | 54 | 513 | 12 | 0.001329221 | 54 | 513 | 15 | 
j30_38_4.rcp | 5.49378E-4 | 18 | 403 | 0 | 6.37315E-4 | 18 | 403 | 2 | 8.93537E-4 | 18 | 403 | 2 | 5.76292E-4 | 18 | 403 | 3 | 
j30_38_5.rcp | 6.45239E-4 | 36 | 659 | 1 | 7.85658E-4 | 36 | 659 | 2 | 9.8801E-4 | 36 | 659 | 2 | 6.68982E-4 | 36 | 659 | 3 | 
j30_38_6.rcp | 3.84202E-4 | 18 | 354 | 4 | 4.54389E-4 | 18 | 354 | 5 | 6.27248E-4 | 18 | 354 | 5 | 3.90352E-4 | 18 | 354 | 5 | 
j30_38_7.rcp | 0.001232139 | 54 | 411 | 2 | 0.001573196 | 54 | 411 | 4 | 0.002195039 | 54 | 411 | 4 | 0.001385301 | 54 | 411 | 7 | 
j30_38_8.rcp | 3.31138E-4 | 18 | 388 | 0 | 4.20824E-4 | 18 | 388 | 0 | 5.64155E-4 | 18 | 388 | 0 | 3.88307E-4 | 18 | 388 | 0 | 
j30_38_9.rcp | 2.38192E-4 | 18 | 432 | 0 | 2.88655E-4 | 18 | 432 | 1 | 3.98874E-4 | 18 | 432 | 1 | 2.64884E-4 | 18 | 432 | 1 | 
j30_38_10.rcp | 2.47143E-4 | 18 | 582 | 0 | 3.22468E-4 | 18 | 582 | 0 | 4.39743E-4 | 18 | 582 | 0 | 2.96902E-4 | 18 | 582 | 0 | 
j30_39_1.rcp | 0.001213401 | 54 | 386 | 0 | 0.001460919 | 54 | 386 | 5 | 0.002033887 | 54 | 386 | 5 | 0.001314519 | 54 | 386 | 9 | 
j30_39_2.rcp | 3.11679E-4 | 18 | 607 | 0 | 3.85762E-4 | 18 | 607 | 1 | 5.31236E-4 | 18 | 607 | 1 | 3.50884E-4 | 18 | 607 | 1 | 
j30_39_3.rcp | 0.001012065 | 36 | 465 | 3 | 0.001237935 | 36 | 465 | 3 | 0.001597178 | 36 | 465 | 3 | 9.91367E-4 | 36 | 465 | 3 | 
j30_39_4.rcp | 3.97518E-4 | 18 | 405 | 0 | 4.99421E-4 | 18 | 405 | 0 | 6.36E-4 | 18 | 405 | 0 | 4.76896E-4 | 18 | 405 | 1 | 
j30_39_5.rcp | 9.4342E-4 | 36 | 293 | 6 | 0.001131768 | 36 | 293 | 6 | 0.001552183 | 36 | 293 | 6 | 0.001738649 | 36 | 293 | 6 | 
j30_39_6.rcp | 3.32775E-4 | 18 | 460 | 1 | 3.73598E-4 | 18 | 460 | 3 | 5.12313E-4 | 18 | 460 | 3 | 3.51119E-4 | 18 | 460 | 3 | 
j30_39_7.rcp | 2.79008E-4 | 18 | 409 | 1 | 3.40854E-4 | 18 | 409 | 3 | 4.71856E-4 | 18 | 409 | 3 | 3.10148E-4 | 18 | 409 | 4 | 
j30_39_8.rcp | 3.97262E-4 | 18 | 445 | 0 | 4.64301E-4 | 18 | 445 | 2 | 6.86729E-4 | 18 | 445 | 2 | 4.28953E-4 | 18 | 445 | 4 | 
j30_39_9.rcp | 3.40617E-4 | 18 | 330 | 0 | 4.20015E-4 | 18 | 330 | 0 | 6.02542E-4 | 18 | 330 | 0 | 3.84413E-4 | 18 | 330 | 0 | 
j30_39_10.rcp | 9.99772E-4 | 46 | 520 | 6 | 0.001225034 | 46 | 520 | 10 | 0.001685952 | 46 | 520 | 10 | 0.001114654 | 46 | 520 | 10 | 
j30_40_1.rcp | 6.1213E-4 | 36 | 482 | 0 | 7.13979E-4 | 36 | 482 | 1 | 0.001045273 | 36 | 482 | 1 | 6.52434E-4 | 36 | 482 | 2 | 
j30_40_2.rcp | 2.77066E-4 | 18 | 607 | 0 | 3.51886E-4 | 18 | 607 | 0 | 4.84558E-4 | 18 | 607 | 0 | 3.23715E-4 | 18 | 607 | 0 | 
j30_40_3.rcp | 3.42426E-4 | 18 | 442 | 0 | 4.28863E-4 | 18 | 442 | 0 | 6.08877E-4 | 18 | 442 | 0 | 3.90657E-4 | 18 | 442 | 0 | 
j30_40_4.rcp | 2.79278E-4 | 18 | 531 | 0 | 3.47158E-4 | 18 | 531 | 0 | 4.70238E-4 | 18 | 531 | 0 | 3.2021E-4 | 18 | 531 | 1 | 
j30_40_5.rcp | 2.4549E-4 | 18 | 488 | 0 | 3.09461E-4 | 18 | 488 | 0 | 4.26804E-4 | 18 | 488 | 0 | 2.87472E-4 | 18 | 488 | 0 | 
j30_40_6.rcp | 2.38341E-4 | 18 | 374 | 0 | 3.09998E-4 | 18 | 374 | 0 | 4.1907E-4 | 18 | 374 | 0 | 2.84557E-4 | 18 | 374 | 0 | 
j30_40_7.rcp | 3.80534E-4 | 18 | 408 | 0 | 4.66768E-4 | 18 | 408 | 1 | 6.48855E-4 | 18 | 408 | 1 | 4.28115E-4 | 18 | 408 | 1 | 
j30_40_8.rcp | 6.36082E-4 | 36 | 410 | 0 | 7.86176E-4 | 36 | 410 | 1 | 0.001091966 | 36 | 410 | 1 | 7.13163E-4 | 36 | 410 | 1 | 
j30_40_9.rcp | 2.84834E-4 | 18 | 353 | 0 | 3.57832E-4 | 18 | 353 | 0 | 5.08334E-4 | 18 | 353 | 0 | 3.31161E-4 | 18 | 353 | 0 | 
j30_40_10.rcp | 2.45697E-4 | 18 | 409 | 0 | 2.98662E-4 | 18 | 409 | 0 | 4.05691E-4 | 18 | 409 | 0 | 2.82657E-4 | 18 | 409 | 0 | 
j30_41_1.rcp | 0.017944856 | 165 | 492 | 383 | 0.020566411 | 165 | 492 | 392 | 0.028083589 | 165 | 492 | 392 | 0.018190177 | 165 | 492 | 379 | 
j30_41_2.rcp | 600.00006 | 16877993 | -1 | 12964984 | 600.0003 | 14084012 | -1 | 9435998 | 600.00006 | 9831651 | -1 | 6618037 | 600.00006 | 15768044 | -1 | 16268461 | 
j30_41_3.rcp | 600.00006 | 13338457 | -1 | 10637117 | 600.00006 | 12927386 | -1 | 12794861 | 600.0001 | 8841664 | -1 | 8751158 | 600.00006 | 14627404 | -1 | 14831917 | 
j30_41_4.rcp | 600.00006 | 9471603 | -1 | 6192226 | 600.00024 | 7724758 | -1 | 6046314 | 600.0001 | 5739068 | -1 | 4471642 | 600.00006 | 8741907 | -1 | 9217632 | 
j30_41_5.rcp | 600.00006 | 10702781 | -1 | 16965418 | 600.0 | 9155918 | -1 | 9774401 | 600.00006 | 6374104 | -1 | 7013472 | 600.00006 | 11407853 | -1 | 9890791 | 
j30_41_6.rcp | 600.00006 | 13061705 | -1 | 12434528 | 600.00006 | 12353695 | -1 | 14507351 | 600.00006 | 8383847 | -1 | 9811131 | 600.00006 | 12795441 | -1 | 16314076 | 
j30_41_7.rcp | 2.6794493 | 33367 | 623 | 44144 | 3.476776 | 33367 | 623 | 35553 | 4.844219 | 33367 | 623 | 35553 | 3.1315808 | 33367 | 623 | 34051 | 
j30_41_8.rcp | 600.00006 | 21419707 | -1 | 12103568 | 600.00006 | 20200304 | -1 | 7590149 | 600.00006 | 14054156 | -1 | 5279485 | 600.00006 | 22241181 | -1 | 8143538 | 
j30_41_9.rcp | 0.02097715 | 260 | 517 | 269 | 0.02551116 | 260 | 517 | 265 | 0.03635903 | 260 | 517 | 265 | 0.022621566 | 260 | 517 | 324 | 
j30_41_10.rcp | 600.00006 | 6588210 | -1 | 10013892 | 600.00006 | 7268219 | -1 | 2777961 | 600.00006 | 5493739 | -1 | 2248821 | 600.00006 | 14189338 | -1 | 7399746 | 
j30_42_1.rcp | 0.001077911 | 18 | 488 | 0 | 0.001049883 | 18 | 488 | 1 | 0.001525563 | 18 | 488 | 1 | 9.03816E-4 | 18 | 488 | 2 | 
j30_42_2.rcp | 7.69244E-4 | 18 | 417 | 3 | 9.54516E-4 | 18 | 417 | 5 | 0.001438808 | 18 | 417 | 5 | 8.4807E-4 | 18 | 417 | 5 | 
j30_42_3.rcp | 0.001895143 | 36 | 270 | 2 | 0.002271288 | 36 | 270 | 4 | 0.003069815 | 36 | 270 | 4 | 0.001523901 | 36 | 270 | 7 | 
j30_42_4.rcp | 0.001752649 | 36 | 453 | 1 | 0.002206081 | 36 | 453 | 4 | 0.003281389 | 36 | 453 | 4 | 0.002024777 | 36 | 453 | 5 | 
j30_42_5.rcp | 5.0975E-4 | 18 | 479 | 0 | 6.61708E-4 | 18 | 479 | 0 | 9.71534E-4 | 18 | 479 | 0 | 5.71756E-4 | 18 | 479 | 0 | 
j30_42_6.rcp | 0.001539102 | 36 | 623 | 2 | 0.002096542 | 36 | 623 | 2 | 0.002992318 | 36 | 623 | 2 | 0.001831315 | 36 | 623 | 2 | 
j30_42_7.rcp | 0.001041805 | 36 | 603 | 0 | 0.001380403 | 36 | 603 | 3 | 0.002041755 | 36 | 603 | 3 | 0.001231235 | 36 | 603 | 4 | 
j30_42_8.rcp | 8.02057E-4 | 18 | 782 | 3 | 0.001001995 | 18 | 782 | 5 | 0.001449841 | 18 | 782 | 5 | 8.92877E-4 | 18 | 782 | 5 | 
j30_42_9.rcp | 0.00308054 | 39 | 411 | 14 | 0.004815153 | 39 | 411 | 20 | 0.005975841 | 39 | 411 | 20 | 0.003433454 | 39 | 411 | 27 | 
j30_42_10.rcp | 0.00211448 | 46 | 459 | 2 | 0.002692182 | 46 | 459 | 9 | 0.004103156 | 46 | 459 | 9 | 0.002298956 | 46 | 459 | 15 | 
j30_43_1.rcp | 0.001397738 | 36 | 679 | 2 | 0.00180701 | 36 | 679 | 4 | 0.002596838 | 36 | 679 | 4 | 0.001589229 | 36 | 679 | 5 | 
j30_43_2.rcp | 0.001142637 | 36 | 401 | 0 | 0.001496068 | 36 | 401 | 0 | 0.002228342 | 36 | 401 | 0 | 0.001458966 | 36 | 401 | 0 | 
j30_43_3.rcp | 6.64133E-4 | 18 | 438 | 0 | 7.9561E-4 | 18 | 438 | 0 | 0.001170896 | 18 | 438 | 0 | 7.11709E-4 | 18 | 438 | 0 | 
j30_43_4.rcp | 0.00281472 | 49 | 289 | 4 | 0.003349352 | 49 | 289 | 8 | 0.00475897 | 49 | 289 | 8 | 0.002664444 | 49 | 289 | 16 | 
j30_43_5.rcp | 0.002353024 | 56 | 236 | 6 | 0.004046953 | 56 | 236 | 14 | 0.005484874 | 56 | 236 | 14 | 0.002437747 | 56 | 236 | 26 | 
j30_43_6.rcp | 6.38017E-4 | 18 | 377 | 0 | 8.11232E-4 | 18 | 377 | 1 | 0.001318299 | 18 | 377 | 1 | 7.31855E-4 | 18 | 377 | 1 | 
j30_43_7.rcp | 4.40191E-4 | 18 | 526 | 0 | 5.68913E-4 | 18 | 526 | 0 | 8.0811E-4 | 18 | 526 | 0 | 5.07977E-4 | 18 | 526 | 0 | 
j30_43_8.rcp | 0.00148815 | 36 | 690 | 0 | 0.001856775 | 36 | 690 | 4 | 0.002828712 | 36 | 690 | 4 | 0.001612239 | 36 | 690 | 10 | 
j30_43_9.rcp | 8.6574E-4 | 18 | 455 | 0 | 0.001095711 | 18 | 455 | 0 | 0.001561805 | 18 | 455 | 0 | 8.73675E-4 | 18 | 455 | 0 | 
j30_43_10.rcp | 7.56361E-4 | 18 | 456 | 0 | 9.26794E-4 | 18 | 456 | 1 | 0.001285118 | 18 | 456 | 1 | 7.22543E-4 | 18 | 456 | 1 | 
j30_44_1.rcp | 5.16237E-4 | 18 | 221 | 0 | 6.7348E-4 | 18 | 221 | 0 | 9.81503E-4 | 18 | 221 | 0 | 5.82148E-4 | 18 | 221 | 0 | 
j30_44_2.rcp | 6.25556E-4 | 18 | 518 | 0 | 7.73723E-4 | 18 | 518 | 0 | 0.001134226 | 18 | 518 | 0 | 6.90879E-4 | 18 | 518 | 0 | 
j30_44_3.rcp | 5.25854E-4 | 18 | 511 | 0 | 6.53317E-4 | 18 | 511 | 0 | 9.2646E-4 | 18 | 511 | 0 | 5.99611E-4 | 18 | 511 | 0 | 
j30_44_4.rcp | 6.81914E-4 | 18 | 435 | 0 | 8.69896E-4 | 18 | 435 | 0 | 0.001269056 | 18 | 435 | 0 | 8.02223E-4 | 18 | 435 | 1 | 
j30_44_5.rcp | 6.30122E-4 | 18 | 684 | 0 | 7.37453E-4 | 18 | 684 | 0 | 0.001039547 | 18 | 684 | 0 | 6.56654E-4 | 18 | 684 | 0 | 
j30_44_6.rcp | 5.25515E-4 | 18 | 507 | 0 | 6.76837E-4 | 18 | 507 | 0 | 9.74355E-4 | 18 | 507 | 0 | 5.94409E-4 | 18 | 507 | 0 | 
j30_44_7.rcp | 4.63515E-4 | 18 | 383 | 0 | 5.76214E-4 | 18 | 383 | 0 | 8.5585E-4 | 18 | 383 | 0 | 5.16923E-4 | 18 | 383 | 0 | 
j30_44_8.rcp | 5.88975E-4 | 18 | 463 | 0 | 7.38811E-4 | 18 | 463 | 0 | 0.001061219 | 18 | 463 | 0 | 6.49672E-4 | 18 | 463 | 0 | 
j30_44_9.rcp | 5.01836E-4 | 18 | 510 | 0 | 6.39472E-4 | 18 | 510 | 0 | 9.20016E-4 | 18 | 510 | 0 | 5.63719E-4 | 18 | 510 | 0 | 
j30_44_10.rcp | 5.66403E-4 | 18 | 535 | 0 | 7.37687E-4 | 18 | 535 | 0 | 0.001073441 | 18 | 535 | 0 | 6.60524E-4 | 18 | 535 | 0 | 
j30_45_1.rcp | 600.00006 | 11156525 | -1 | 10042234 | 600.00006 | 9565308 | -1 | 6495461 | 600.0002 | 6637599 | -1 | 4532629 | 600.00024 | 10744193 | -1 | 6988216 | 
j30_45_2.rcp | 600.0001 | 8900161 | -1 | 8820426 | 600.0001 | 9554435 | -1 | 8840413 | 600.00006 | 6660108 | -1 | 6160900 | 600.00006 | 10657998 | -1 | 10089402 | 
j30_45_3.rcp | 600.0001 | 8671357 | -1 | 9030682 | 600.00006 | 8514867 | -1 | 8384865 | 600.00006 | 6073102 | -1 | 5938662 | 600.00006 | 9285054 | -1 | 9706912 | 
j30_45_4.rcp | 600.00006 | 6284500 | -1 | 7461224 | 600.0002 | 5815323 | -1 | 7471835 | 600.0001 | 4433031 | -1 | 5102704 | 600.0002 | 6777396 | -1 | 12752750 | 
j30_45_5.rcp | 600.00006 | 6258632 | -1 | 6629809 | 600.00006 | 5880523 | -1 | 6100061 | 600.0002 | 4509591 | -1 | 4453045 | 600.00006 | 6950559 | -1 | 7093273 | 
j30_45_6.rcp | 600.00006 | 11730644 | -1 | 10984717 | 600.00006 | 11681796 | -1 | 8095261 | 600.00006 | 8292752 | -1 | 5748291 | 600.0001 | 12549468 | -1 | 8774630 | 
j30_45_7.rcp | 600.0001 | 4938965 | -1 | 5719489 | 600.0002 | 4765739 | -1 | 5506175 | 600.0002 | 3387407 | -1 | 3884489 | 600.00006 | 5251324 | -1 | 7307024 | 
j30_45_8.rcp | 600.0002 | 5918905 | -1 | 9416682 | 600.00006 | 6436277 | -1 | 8221058 | 600.0001 | 4395945 | -1 | 5962750 | 600.00006 | 6462500 | -1 | 10793518 | 
j30_45_9.rcp | 600.00006 | 8097964 | -1 | 1540260 | 600.00006 | 7870130 | -1 | 2406888 | 600.00006 | 5286739 | -1 | 1776515 | 600.00006 | 9333565 | -1 | 8615877 | 
j30_45_10.rcp | 600.00006 | 19684562 | -1 | 14152848 | 600.00006 | 17393512 | -1 | 6093016 | 600.00006 | 12233163 | -1 | 4376010 | 600.00006 | 19280466 | -1 | 7875319 | 
j30_46_1.rcp | 0.010128062 | 73 | 531 | 3 | 0.008655007 | 73 | 531 | 15 | 0.013034108 | 73 | 531 | 15 | 0.007054967 | 73 | 531 | 51 | 
j30_46_2.rcp | 0.001983028 | 18 | 564 | 0 | 0.002155638 | 18 | 564 | 1 | 0.002954077 | 18 | 564 | 1 | 0.001357624 | 18 | 564 | 8 | 
j30_46_3.rcp | 0.004362217 | 50 | 512 | 0 | 0.005141534 | 50 | 512 | 5 | 0.007788054 | 50 | 512 | 5 | 0.004323431 | 50 | 512 | 26 | 
j30_46_4.rcp | 0.001574039 | 18 | 490 | 1 | 0.001914668 | 18 | 490 | 2 | 0.002996597 | 18 | 490 | 2 | 0.001555504 | 18 | 490 | 12 | 
j30_46_5.rcp | 0.005118933 | 72 | 332 | 4 | 0.006230434 | 72 | 332 | 9 | 0.009821289 | 72 | 332 | 9 | 0.005433615 | 72 | 332 | 19 | 
j30_46_6.rcp | 31.74541 | 377491 | 280 | 44 | 23.652264 | 377491 | 280 | 61 | 37.809002 | 377491 | 280 | 61 | 21.93575 | 358021 | 280 | 188507 | 
j30_46_7.rcp | 0.006111071 | 80 | 392 | 14 | 0.006959166 | 80 | 392 | 19 | 0.010734094 | 80 | 392 | 19 | 0.00587523 | 80 | 392 | 53 | 
j30_46_8.rcp | 0.005012568 | 36 | 551 | 4 | 0.004395818 | 36 | 551 | 7 | 0.005227032 | 36 | 551 | 7 | 0.002613715 | 36 | 551 | 16 | 
j30_46_9.rcp | 0.004712435 | 36 | 402 | 0 | 0.0039995 | 36 | 402 | 0 | 0.005161195 | 36 | 402 | 0 | 0.002370036 | 36 | 402 | 8 | 
j30_46_10.rcp | 0.005105539 | 72 | 417 | 1 | 0.006036709 | 72 | 417 | 3 | 0.009134086 | 72 | 417 | 3 | 0.005959944 | 72 | 417 | 13 | 
j30_47_1.rcp | 0.001780626 | 30 | 608 | 0 | 0.002027832 | 30 | 608 | 1 | 0.002728804 | 30 | 608 | 1 | 0.001678827 | 30 | 608 | 3 | 
j30_47_2.rcp | 0.001822501 | 18 | 242 | 0 | 0.00191226 | 18 | 242 | 0 | 0.002203768 | 18 | 242 | 0 | 0.001130935 | 18 | 242 | 0 | 
j30_47_3.rcp | 0.002449452 | 36 | 334 | 0 | 0.002464728 | 36 | 334 | 1 | 0.003394866 | 36 | 334 | 1 | 0.002033147 | 36 | 334 | 4 | 
j30_47_4.rcp | 0.001278265 | 18 | 242 | 0 | 0.00138954 | 18 | 242 | 3 | 0.001944147 | 18 | 242 | 3 | 0.0010695 | 18 | 242 | 4 | 
j30_47_5.rcp | 0.003101323 | 54 | 311 | 2 | 0.003791091 | 54 | 311 | 2 | 0.005791032 | 54 | 311 | 2 | 0.003042248 | 54 | 311 | 13 | 
j30_47_6.rcp | 0.001960905 | 32 | 329 | 0 | 0.00235444 | 32 | 329 | 2 | 0.003664198 | 32 | 329 | 2 | 0.00244381 | 32 | 329 | 4 | 
j30_47_7.rcp | 9.65525E-4 | 18 | 205 | 0 | 0.001050622 | 18 | 205 | 0 | 0.002296395 | 18 | 205 | 0 | 8.30803E-4 | 18 | 205 | 1 | 
j30_47_8.rcp | 0.00239064 | 36 | 329 | 0 | 0.002771369 | 36 | 329 | 1 | 0.004096903 | 36 | 329 | 1 | 0.002245326 | 36 | 329 | 3 | 
j30_47_9.rcp | 8.35728E-4 | 18 | 335 | 0 | 0.00104602 | 18 | 335 | 0 | 0.001601892 | 18 | 335 | 0 | 8.57667E-4 | 18 | 335 | 1 | 
j30_47_10.rcp | 0.001102869 | 18 | 368 | 0 | 0.001318971 | 18 | 368 | 0 | 0.002035933 | 18 | 368 | 0 | 0.00114178 | 18 | 368 | 1 | 
j30_48_1.rcp | 7.80996E-4 | 18 | 480 | 0 | 0.001013579 | 18 | 480 | 0 | 0.001504211 | 18 | 480 | 0 | 8.88217E-4 | 18 | 480 | 0 | 
j30_48_2.rcp | 8.54523E-4 | 18 | 380 | 0 | 0.001046668 | 18 | 380 | 0 | 0.001583732 | 18 | 380 | 0 | 9.24267E-4 | 18 | 380 | 0 | 
j30_48_3.rcp | 8.02182E-4 | 18 | 187 | 0 | 9.04033E-4 | 18 | 187 | 0 | 0.001454263 | 18 | 187 | 0 | 7.9658E-4 | 18 | 187 | 0 | 
j30_48_4.rcp | 7.87018E-4 | 18 | 342 | 0 | 0.001007148 | 18 | 342 | 0 | 0.001502862 | 18 | 342 | 0 | 8.70821E-4 | 18 | 342 | 0 | 
j30_48_5.rcp | 8.30618E-4 | 18 | 489 | 0 | 0.001098608 | 18 | 489 | 0 | 0.001644924 | 18 | 489 | 0 | 9.26324E-4 | 18 | 489 | 0 | 
j30_48_6.rcp | 8.54621E-4 | 18 | 541 | 0 | 0.001098032 | 18 | 541 | 0 | 0.001629051 | 18 | 541 | 0 | 9.55297E-4 | 18 | 541 | 0 | 
j30_48_7.rcp | 8.60505E-4 | 18 | 468 | 0 | 0.001071759 | 18 | 468 | 0 | 0.001549344 | 18 | 468 | 0 | 9.17564E-4 | 18 | 468 | 0 | 
j30_48_8.rcp | 7.94057E-4 | 18 | 317 | 0 | 0.001009733 | 18 | 317 | 0 | 0.001499871 | 18 | 317 | 0 | 8.73082E-4 | 18 | 317 | 0 | 
j30_48_9.rcp | 8.53649E-4 | 18 | 415 | 0 | 0.001014963 | 18 | 415 | 0 | 0.001516978 | 18 | 415 | 0 | 8.72761E-4 | 18 | 415 | 0 | 
j30_48_10.rcp | 8.07963E-4 | 18 | 414 | 0 | 0.001000302 | 18 | 414 | 0 | 0.001495247 | 18 | 414 | 0 | 8.94174E-4 | 18 | 414 | 0 | 
Solve by All :421       NbTL :422, NbH :422, NbCH :421, NbOH :422   TimeTL :1.3828260603605655, TimeH :1.6028191343372875, TimeCH :2.315630680598767, TimeOH :1.4378298912391607   BackTL :19733, BackH :19733, BackCH :19733, BackOH :19687