Inst |timeTL |backtTL |makespanTL |propTL |timeH |backtH |makespanH |propH |timeCTLH |backtCTLH |makespanCTLH |propCTLH |timeCH |backtCH |makespanCH |propCH |
j30_1_1.rcp | 0.054838553 | 238 | 43 | 103 | 0.049719684 | 238 | 43 | 101 | 0.029194113 | 238 | 43 | 101 | 0.035873912 | 238 | 43 | 125 | 
j30_1_2.rcp | 60.000065 | 5350884 | -1 | 805198 | 60.000065 | 3588985 | -1 | 627911 | 60.000076 | 2566606 | -1 | 453052 | 60.00002 | 3420829 | -1 | 1029129 | 
j30_1_3.rcp | 0.001280118 | 80 | 47 | 27 | 0.001518493 | 80 | 47 | 13 | 0.001770944 | 80 | 47 | 13 | 0.001370125 | 80 | 47 | 16 | 
j30_1_4.rcp | 0.00178516 | 103 | 62 | 44 | 0.00247401 | 103 | 62 | 46 | 0.004429001 | 103 | 62 | 46 | 0.002478503 | 101 | 62 | 50 | 
j30_1_5.rcp | 60.000023 | 3804452 | -1 | 3883371 | 60.000065 | 2620643 | -1 | 2172458 | 60.00006 | 2254528 | -1 | 1971075 | 60.0001 | 1962226 | -1 | 1952925 | 
j30_1_6.rcp | 0.6869316 | 23470 | 48 | 33712 | 1.0470375 | 23470 | 48 | 28571 | 1.3456296 | 23470 | 48 | 27456 | 0.80397093 | 23470 | 48 | 15666 | 
j30_1_7.rcp | 0.001662325 | 118 | 60 | 27 | 0.00281089 | 118 | 60 | 29 | 0.003092344 | 118 | 60 | 29 | 0.002170455 | 118 | 60 | 30 | 
j30_1_8.rcp | 0.001528689 | 99 | 53 | 24 | 0.002007874 | 99 | 53 | 30 | 0.002543876 | 99 | 53 | 30 | 0.001907712 | 99 | 53 | 31 | 
j30_1_9.rcp | 10.606486 | 486625 | 49 | 544541 | 12.534095 | 463153 | 49 | 433815 | 18.305794 | 463153 | 49 | 433815 | 13.10626 | 463153 | 49 | 525248 | 
j30_1_10.rcp | 0.001510729 | 101 | 45 | 24 | 0.001974856 | 101 | 45 | 28 | 0.00351159 | 101 | 45 | 28 | 0.002278964 | 101 | 45 | 32 | 
j30_2_1.rcp | 8.49299E-4 | 58 | 38 | 21 | 0.001249061 | 58 | 38 | 25 | 0.001669402 | 58 | 38 | 25 | 0.001218944 | 58 | 38 | 27 | 
j30_2_2.rcp | 5.11738E-4 | 33 | 51 | 8 | 7.22279E-4 | 33 | 51 | 10 | 9.38929E-4 | 33 | 51 | 10 | 7.26243E-4 | 33 | 51 | 10 | 
j30_2_3.rcp | 0.00113456 | 101 | 43 | 7 | 0.001578942 | 101 | 43 | 12 | 0.002203686 | 101 | 43 | 12 | 0.001489374 | 101 | 43 | 13 | 
j30_2_4.rcp | 8.20586E-4 | 68 | 43 | 5 | 0.001042257 | 68 | 43 | 6 | 0.00142965 | 68 | 43 | 6 | 9.68236E-4 | 68 | 43 | 9 | 
j30_2_5.rcp | 4.44175E-4 | 33 | 51 | 6 | 5.53126E-4 | 33 | 51 | 7 | 7.42751E-4 | 33 | 51 | 7 | 5.30511E-4 | 33 | 51 | 8 | 
j30_2_6.rcp | 8.22508E-4 | 63 | 47 | 12 | 0.001647272 | 63 | 47 | 10 | 0.00197373 | 63 | 47 | 10 | 0.001552004 | 63 | 47 | 12 | 
j30_2_7.rcp | 6.29692E-4 | 57 | 47 | 8 | 8.4178E-4 | 57 | 47 | 8 | 0.001128827 | 57 | 47 | 8 | 0.001237846 | 57 | 47 | 10 | 
j30_2_8.rcp | 0.001037975 | 52 | 54 | 19 | 0.001089816 | 52 | 54 | 22 | 0.001339772 | 52 | 54 | 22 | 0.001022008 | 52 | 54 | 23 | 
j30_2_9.rcp | 0.002521665 | 121 | 54 | 16 | 0.002702928 | 121 | 54 | 19 | 0.00294988 | 121 | 54 | 19 | 0.001984983 | 121 | 54 | 20 | 
j30_2_10.rcp | 0.002009005 | 150 | 43 | 42 | 0.002976434 | 150 | 43 | 48 | 0.003871511 | 150 | 43 | 48 | 0.003341597 | 150 | 43 | 64 | 
j30_3_1.rcp | 9.56576E-4 | 52 | 72 | 8 | 8.16309E-4 | 52 | 72 | 9 | 0.001038959 | 52 | 72 | 9 | 7.15689E-4 | 52 | 72 | 11 | 
j30_3_2.rcp | 3.8985E-4 | 33 | 40 | 1 | 8.72492E-4 | 33 | 40 | 4 | 0.001080648 | 33 | 40 | 4 | 5.30548E-4 | 33 | 40 | 6 | 
j30_3_3.rcp | 6.1688E-4 | 33 | 57 | 4 | 7.04785E-4 | 33 | 57 | 7 | 6.71747E-4 | 33 | 57 | 7 | 4.73475E-4 | 33 | 57 | 7 | 
j30_3_4.rcp | 6.08405E-4 | 66 | 98 | 2 | 8.23909E-4 | 66 | 98 | 2 | 0.001126282 | 66 | 98 | 2 | 0.001199222 | 66 | 98 | 2 | 
j30_3_5.rcp | 7.09026E-4 | 59 | 53 | 7 | 0.001134119 | 59 | 53 | 15 | 0.001436147 | 59 | 53 | 15 | 9.63514E-4 | 59 | 53 | 17 | 
j30_3_6.rcp | 6.58611E-4 | 33 | 54 | 2 | 7.79942E-4 | 33 | 54 | 4 | 7.02582E-4 | 33 | 54 | 4 | 4.93539E-4 | 33 | 54 | 4 | 
j30_3_7.rcp | 3.61916E-4 | 33 | 48 | 1 | 4.74772E-4 | 33 | 48 | 2 | 6.35491E-4 | 33 | 48 | 2 | 4.34958E-4 | 33 | 48 | 2 | 
j30_3_8.rcp | 5.67459E-4 | 33 | 54 | 1 | 7.71737E-4 | 33 | 54 | 3 | 0.00311528 | 33 | 54 | 3 | 8.70954E-4 | 33 | 54 | 4 | 
j30_3_9.rcp | 4.80155E-4 | 33 | 65 | 7 | 6.10281E-4 | 33 | 65 | 7 | 7.96849E-4 | 33 | 65 | 7 | 9.16291E-4 | 33 | 65 | 7 | 
j30_3_10.rcp | 0.001220121 | 56 | 59 | 3 | 0.001643726 | 56 | 59 | 8 | 0.002151851 | 56 | 59 | 8 | 9.58908E-4 | 56 | 59 | 13 | 
j30_4_1.rcp | 3.26355E-4 | 33 | 49 | 0 | 7.0455E-4 | 33 | 49 | 0 | 9.62474E-4 | 33 | 49 | 0 | 6.46235E-4 | 33 | 49 | 0 | 
j30_4_2.rcp | 2.93676E-4 | 33 | 60 | 0 | 6.95248E-4 | 33 | 60 | 0 | 8.74834E-4 | 33 | 60 | 0 | 6.29089E-4 | 33 | 60 | 0 | 
j30_4_3.rcp | 4.66928E-4 | 33 | 47 | 0 | 6.32852E-4 | 33 | 47 | 0 | 5.68489E-4 | 33 | 47 | 0 | 6.82594E-4 | 33 | 47 | 0 | 
j30_4_4.rcp | 6.93666E-4 | 33 | 57 | 0 | 6.21373E-4 | 33 | 57 | 0 | 9.82842E-4 | 33 | 57 | 0 | 4.18096E-4 | 33 | 57 | 0 | 
j30_4_5.rcp | 3.82154E-4 | 33 | 59 | 0 | 6.76316E-4 | 33 | 59 | 0 | 6.5848E-4 | 33 | 59 | 0 | 4.16982E-4 | 33 | 59 | 0 | 
j30_4_6.rcp | 3.13898E-4 | 33 | 45 | 0 | 4.14846E-4 | 33 | 45 | 0 | 6.08858E-4 | 33 | 45 | 0 | 9.2785E-4 | 33 | 45 | 0 | 
j30_4_7.rcp | 4.54973E-4 | 33 | 56 | 0 | 4.4553E-4 | 33 | 56 | 0 | 5.7385E-4 | 33 | 56 | 0 | 3.86996E-4 | 33 | 56 | 0 | 
j30_4_8.rcp | 5.26877E-4 | 33 | 55 | 0 | 6.78288E-4 | 33 | 55 | 0 | 5.74374E-4 | 33 | 55 | 0 | 3.93819E-4 | 33 | 55 | 0 | 
j30_4_9.rcp | 5.07154E-4 | 33 | 38 | 0 | 9.20617E-4 | 33 | 38 | 0 | 0.001212716 | 33 | 38 | 0 | 6.66749E-4 | 33 | 38 | 0 | 
j30_4_10.rcp | 3.36787E-4 | 33 | 48 | 0 | 4.44159E-4 | 33 | 48 | 0 | 6.1464E-4 | 33 | 48 | 0 | 6.4607E-4 | 33 | 48 | 0 | 
j30_5_1.rcp | 60.000065 | 634188 | -1 | 1279099 | 60.000023 | 432752 | -1 | 762065 | 60.000053 | 296606 | -1 | 523609 | 60.00018 | 387609 | -1 | 887848 | 
j30_5_2.rcp | 60.00001 | 842413 | -1 | 1456667 | 60.000023 | 531407 | -1 | 957013 | 60.00008 | 381497 | -1 | 690372 | 60.000286 | 530957 | -1 | 918813 | 
j30_5_3.rcp | 60.000088 | 1547663 | -1 | 1623811 | 60.000095 | 1059449 | -1 | 1291192 | 60.00002 | 736773 | -1 | 895855 | 60.000107 | 1145219 | -1 | 1352559 | 
j30_5_4.rcp | 60.00019 | 799614 | -1 | 1732657 | 60.000187 | 555393 | -1 | 1106483 | 60.000175 | 395407 | -1 | 770725 | 60.000427 | 439113 | -1 | 1047645 | 
j30_5_5.rcp | 60.000084 | 1273430 | -1 | 1852239 | 60.000023 | 813394 | -1 | 1027357 | 60.00004 | 583292 | -1 | 744297 | 60.000027 | 717106 | -1 | 1069743 | 
j30_5_6.rcp | 9.374322 | 77612 | 64 | 265841 | 12.683411 | 77612 | 64 | 199273 | 17.339268 | 77612 | 64 | 198519 | 13.981724 | 77612 | 64 | 154531 | 
j30_5_7.rcp | 60.000023 | 1912404 | -1 | 1745099 | 60.00008 | 1199278 | -1 | 1017279 | 60.000065 | 818974 | -1 | 722465 | 60.000027 | 1197483 | -1 | 884108 | 
j30_5_8.rcp | 60.00015 | 987149 | -1 | 1944014 | 60.00003 | 806711 | -1 | 705552 | 60.000107 | 562566 | -1 | 502205 | 60.000195 | 651142 | -1 | 530434 | 
j30_5_9.rcp | 60.000256 | 400086 | -1 | 1247424 | 60.00048 | 277597 | -1 | 884768 | 60.000362 | 186465 | -1 | 595168 | 60.00017 | 263535 | -1 | 899107 | 
j30_5_10.rcp | 60.000076 | 1594066 | -1 | 2432163 | 60.00004 | 1373766 | -1 | 1697310 | 60.00003 | 924785 | -1 | 1156960 | 60.000015 | 1474936 | -1 | 1711028 | 
j30_6_1.rcp | 60.000027 | 797125 | -1 | 1410098 | 60.00004 | 568697 | -1 | 1139576 | 60.000122 | 384110 | -1 | 776541 | 60.000065 | 488406 | -1 | 1172591 | 
j30_6_2.rcp | 60.00013 | 952799 | -1 | 869367 | 60.000126 | 767627 | -1 | 810295 | 60.000042 | 506356 | -1 | 540312 | 60.00017 | 801848 | -1 | 1143164 | 
j30_6_3.rcp | 0.031543452 | 335 | 48 | 169 | 0.04093328 | 335 | 48 | 151 | 0.06617488 | 335 | 48 | 146 | 0.043834753 | 335 | 48 | 333 | 
j30_6_4.rcp | 8.630511 | 98719 | 42 | 57035 | 9.637872 | 97999 | 42 | 101435 | 16.102755 | 97999 | 42 | 102401 | 11.653063 | 94735 | 42 | 216556 | 
j30_6_5.rcp | 60.000046 | 1364967 | -1 | 1204327 | 60.00002 | 1009427 | -1 | 706514 | 60.000065 | 669375 | -1 | 468576 | 60.00003 | 984052 | -1 | 526591 | 
j30_6_6.rcp | 0.010028088 | 182 | 37 | 14 | 0.011074329 | 182 | 37 | 25 | 0.01773612 | 182 | 37 | 25 | 0.010026708 | 182 | 37 | 85 | 
j30_6_7.rcp | 0.011826643 | 171 | 46 | 46 | 0.012408273 | 171 | 46 | 66 | 0.018414691 | 171 | 46 | 66 | 0.012086525 | 171 | 46 | 96 | 
j30_6_8.rcp | 0.016909357 | 231 | 39 | 65 | 0.024255574 | 231 | 39 | 261 | 0.040565696 | 231 | 39 | 261 | 0.025265563 | 231 | 39 | 390 | 
j30_6_9.rcp | 0.003103172 | 66 | 51 | 8 | 0.003967095 | 66 | 51 | 17 | 0.006204322 | 66 | 51 | 17 | 0.003637002 | 66 | 51 | 29 | 
j30_6_10.rcp | 1.4695013 | 18004 | 61 | 14021 | 2.0862834 | 17988 | 61 | 28516 | 3.3213983 | 17988 | 61 | 28516 | 2.4595876 | 17862 | 61 | 42927 | 
j30_7_1.rcp | 0.002367696 | 33 | 55 | 2 | 0.002487901 | 33 | 55 | 2 | 0.003322874 | 33 | 55 | 2 | 0.001705591 | 33 | 55 | 5 | 
j30_7_2.rcp | 0.002398106 | 68 | 42 | 3 | 0.003767651 | 68 | 42 | 7 | 0.005392712 | 68 | 42 | 7 | 0.003008749 | 68 | 42 | 22 | 
j30_7_3.rcp | 0.004090815 | 122 | 42 | 11 | 0.006849104 | 122 | 42 | 21 | 0.00921609 | 122 | 42 | 21 | 0.005438222 | 122 | 42 | 26 | 
j30_7_4.rcp | 0.005180281 | 153 | 44 | 1 | 0.007190258 | 153 | 44 | 18 | 0.011453517 | 153 | 44 | 18 | 0.006540174 | 153 | 44 | 41 | 
j30_7_5.rcp | 0.022647047 | 305 | 44 | 109 | 0.03491252 | 305 | 44 | 161 | 0.05539608 | 305 | 44 | 161 | 0.028125148 | 305 | 44 | 222 | 
j30_7_6.rcp | 0.001816068 | 58 | 35 | 1 | 0.00240249 | 58 | 35 | 4 | 0.003627881 | 58 | 35 | 4 | 0.00283468 | 58 | 35 | 14 | 
j30_7_7.rcp | 0.003908053 | 111 | 50 | 14 | 0.005370188 | 111 | 50 | 23 | 0.008409925 | 111 | 50 | 23 | 0.005377558 | 111 | 50 | 35 | 
j30_7_8.rcp | 0.002782453 | 33 | 44 | 6 | 0.003174965 | 33 | 44 | 7 | 0.003566924 | 33 | 44 | 7 | 0.002044004 | 33 | 44 | 8 | 
j30_7_9.rcp | 0.001163507 | 33 | 60 | 2 | 0.001729673 | 33 | 60 | 4 | 0.002696101 | 33 | 60 | 4 | 0.001545412 | 33 | 60 | 8 | 
j30_7_10.rcp | 60.00007 | 1123340 | -1 | 901997 | 60.000034 | 1033240 | -1 | 323070 | 60.000126 | 660754 | -1 | 220215 | 60.000042 | 1233193 | -1 | 491606 | 
j30_8_1.rcp | 8.27536E-4 | 33 | 44 | 0 | 0.001143658 | 33 | 44 | 0 | 0.001728924 | 33 | 44 | 0 | 0.001020554 | 33 | 44 | 0 | 
j30_8_2.rcp | 0.001671227 | 33 | 51 | 0 | 0.001953452 | 33 | 51 | 0 | 0.002412458 | 33 | 51 | 0 | 0.001337551 | 33 | 51 | 0 | 
j30_8_3.rcp | 9.50313E-4 | 33 | 53 | 0 | 0.001437372 | 33 | 53 | 0 | 0.001919156 | 33 | 53 | 0 | 0.001154124 | 33 | 53 | 0 | 
j30_8_4.rcp | 7.84119E-4 | 33 | 48 | 0 | 0.001202061 | 33 | 48 | 0 | 0.001886619 | 33 | 48 | 0 | 0.0010805 | 33 | 48 | 0 | 
j30_8_5.rcp | 7.92208E-4 | 33 | 58 | 0 | 0.001327602 | 33 | 58 | 0 | 0.001785223 | 33 | 58 | 0 | 0.001072619 | 33 | 58 | 0 | 
j30_8_6.rcp | 7.93011E-4 | 33 | 47 | 0 | 0.001177964 | 33 | 47 | 0 | 0.001780019 | 33 | 47 | 0 | 0.001094993 | 33 | 47 | 0 | 
j30_8_7.rcp | 8.1675E-4 | 33 | 41 | 0 | 0.001178865 | 33 | 41 | 0 | 0.001944456 | 33 | 41 | 0 | 0.001182055 | 33 | 41 | 0 | 
j30_8_8.rcp | 8.16108E-4 | 33 | 51 | 0 | 0.001253249 | 33 | 51 | 0 | 0.001854752 | 33 | 51 | 0 | 0.001056276 | 33 | 51 | 0 | 
j30_8_9.rcp | 8.00256E-4 | 33 | 39 | 0 | 0.001147273 | 33 | 39 | 0 | 0.001831668 | 33 | 39 | 0 | 0.001077708 | 33 | 39 | 0 | 
j30_8_10.rcp | 7.83493E-4 | 33 | 67 | 0 | 0.001195649 | 33 | 67 | 0 | 0.001800013 | 33 | 67 | 0 | 0.001913238 | 33 | 67 | 0 | 
j30_9_1.rcp | 60.000046 | 1285969 | -1 | 1166190 | 60.00007 | 865821 | -1 | 621532 | 60.000053 | 610403 | -1 | 453677 | 60.000027 | 912355 | -1 | 528425 | 
j30_9_2.rcp | 60.000507 | 945086 | -1 | 1264620 | 60.00018 | 688775 | -1 | 681641 | 60.000034 | 453292 | -1 | 480164 | 60.000046 | 723830 | -1 | 770945 | 
j30_9_3.rcp | 60.000225 | 240227 | -1 | 683103 | 60.000427 | 189833 | -1 | 485243 | 60.000065 | 117711 | -1 | 326922 | 60.000134 | 119898 | -1 | 432070 | 
j30_9_4.rcp | 60.000034 | 506368 | -1 | 1180932 | 60.000225 | 376635 | -1 | 549146 | 60.00035 | 249808 | -1 | 360500 | 60.000084 | 332628 | -1 | 541255 | 
j30_9_5.rcp | 60.000153 | 548432 | -1 | 746485 | 60.00014 | 528202 | -1 | 382287 | 60.00016 | 372508 | -1 | 253604 | 60.000267 | 566194 | -1 | 408171 | 
j30_9_6.rcp | 60.000034 | 236171 | -1 | 870944 | 60.000504 | 165019 | -1 | 643305 | 60.000477 | 109373 | -1 | 429284 | 60.000294 | 161270 | -1 | 728072 | 
j30_9_7.rcp | 60.000027 | 645463 | -1 | 862484 | 60.000183 | 501424 | -1 | 537473 | 60.000072 | 348942 | -1 | 347522 | 60.000095 | 496526 | -1 | 552780 | 
j30_9_8.rcp | 60.000023 | 490762 | -1 | 1056068 | 60.000034 | 348537 | -1 | 676874 | 60.000286 | 248263 | -1 | 500001 | 60.00003 | 302610 | -1 | 541419 | 
j30_9_9.rcp | 60.00004 | 447924 | -1 | 823520 | 60.000046 | 297331 | -1 | 520235 | 60.00014 | 205060 | -1 | 370833 | 60.000088 | 285283 | -1 | 488659 | 
j30_9_10.rcp | 60.00003 | 549522 | -1 | 1054980 | 60.000145 | 396379 | -1 | 690775 | 60.00014 | 262424 | -1 | 437919 | 60.000122 | 425437 | -1 | 856093 | 
j30_10_1.rcp | 0.013979692 | 136 | 42 | 2 | 0.016732799 | 134 | 42 | 8 | 0.028714135 | 134 | 42 | 8 | 0.015261555 | 134 | 42 | 51 | 
j30_10_2.rcp | 60.00052 | 327658 | -1 | 251075 | 60.00012 | 231851 | -1 | 325837 | 60.000076 | 138262 | -1 | 193427 | 60.000343 | 193940 | -1 | 381764 | 
j30_10_3.rcp | 60.000046 | 489402 | -1 | 764317 | 60.00024 | 352833 | -1 | 586405 | 60.000576 | 221417 | -1 | 369928 | 60.000065 | 345991 | -1 | 644760 | 
j30_10_4.rcp | 10.259005 | 38424 | 58 | 42597 | 13.235188 | 38416 | 58 | 49336 | 22.31948 | 38416 | 58 | 49413 | 10.170413 | 24644 | 58 | 69809 | 
j30_10_5.rcp | 0.8842797 | 7530 | 41 | 2849 | 1.0595796 | 7530 | 41 | 2341 | 1.8302362 | 7530 | 41 | 2339 | 1.2299243 | 7530 | 41 | 9498 | 
j30_10_6.rcp | 53.18035 | 251620 | 44 | 130991 | 60.000328 | 231829 | -1 | 189967 | 60.00065 | 132127 | -1 | 106326 | 60.000076 | 165446 | -1 | 436594 | 
j30_10_7.rcp | 0.010416834 | 110 | 49 | 2 | 0.013428975 | 110 | 49 | 6 | 0.022563493 | 110 | 49 | 6 | 0.013840283 | 110 | 49 | 52 | 
j30_10_8.rcp | 60.00041 | 273215 | -1 | 302893 | 60.00048 | 211755 | -1 | 238427 | 60.000187 | 125130 | -1 | 154282 | 60.00015 | 210554 | -1 | 461797 | 
j30_10_9.rcp | 0.004343934 | 33 | 49 | 0 | 0.004536447 | 33 | 49 | 0 | 0.006324625 | 33 | 49 | 0 | 0.003840843 | 33 | 49 | 14 | 
j30_10_10.rcp | 9.842267 | 50691 | 41 | 7272 | 10.689526 | 50441 | 41 | 16222 | 19.361734 | 50441 | 41 | 16222 | 9.048073 | 36863 | 41 | 32414 | 
j30_11_1.rcp | 0.16102837 | 723 | 54 | 660 | 0.2321304 | 723 | 54 | 1234 | 0.39185262 | 723 | 54 | 1234 | 0.21929353 | 575 | 54 | 1534 | 
j30_11_2.rcp | 13.269248 | 120394 | 56 | 8368 | 17.156454 | 120394 | 56 | 53922 | 28.637217 | 120394 | 56 | 53922 | 14.78842 | 120394 | 56 | 149603 | 
j30_11_3.rcp | 0.005468989 | 66 | 81 | 0 | 0.006657812 | 66 | 81 | 4 | 0.01056649 | 66 | 81 | 4 | 0.005699237 | 66 | 81 | 7 | 
j30_11_4.rcp | 0.008815623 | 107 | 63 | 0 | 0.012015149 | 107 | 63 | 5 | 0.019620547 | 107 | 63 | 5 | 0.010240742 | 107 | 63 | 31 | 
j30_11_5.rcp | 60.00032 | 404666 | -1 | 403860 | 60.000046 | 294690 | -1 | 402150 | 60.000187 | 178165 | -1 | 242191 | 60.000183 | 229159 | -1 | 580203 | 
j30_11_6.rcp | 0.01103914 | 111 | 44 | 0 | 0.013581269 | 111 | 44 | 8 | 0.02294996 | 111 | 44 | 8 | 0.011439035 | 111 | 44 | 69 | 
j30_11_7.rcp | 0.011696292 | 116 | 36 | 0 | 0.013649162 | 116 | 36 | 7 | 0.021979062 | 116 | 36 | 7 | 0.011265419 | 116 | 36 | 21 | 
j30_11_8.rcp | 0.004724923 | 60 | 62 | 3 | 0.006115058 | 60 | 62 | 4 | 0.010105026 | 60 | 62 | 4 | 0.006093623 | 60 | 62 | 14 | 
j30_11_9.rcp | 0.004411577 | 66 | 67 | 2 | 0.00686625 | 66 | 67 | 7 | 0.011062167 | 66 | 67 | 7 | 0.005830783 | 66 | 67 | 15 | 
j30_11_10.rcp | 0.005121203 | 66 | 38 | 0 | 0.007369887 | 66 | 38 | 1 | 0.01196604 | 66 | 38 | 1 | 0.00602591 | 66 | 38 | 12 | 
j30_12_1.rcp | 0.001852169 | 33 | 47 | 0 | 0.00264589 | 33 | 47 | 0 | 0.004537759 | 33 | 47 | 0 | 0.002325238 | 33 | 47 | 0 | 
j30_12_2.rcp | 0.002071433 | 33 | 46 | 0 | 0.002529207 | 33 | 46 | 0 | 0.004200502 | 33 | 46 | 0 | 0.002335041 | 33 | 46 | 0 | 
j30_12_3.rcp | 0.001890577 | 33 | 37 | 0 | 0.00270718 | 33 | 37 | 0 | 0.004375303 | 33 | 37 | 0 | 0.002234909 | 33 | 37 | 0 | 
j30_12_4.rcp | 0.001829599 | 33 | 63 | 0 | 0.002811387 | 33 | 63 | 0 | 0.004511339 | 33 | 63 | 0 | 0.002437562 | 33 | 63 | 0 | 
j30_12_5.rcp | 0.00183908 | 33 | 47 | 0 | 0.002803568 | 33 | 47 | 0 | 0.004281207 | 33 | 47 | 0 | 0.00236311 | 33 | 47 | 0 | 
j30_12_6.rcp | 0.001973954 | 33 | 53 | 0 | 0.002785192 | 33 | 53 | 0 | 0.004693394 | 33 | 53 | 0 | 0.002639479 | 33 | 53 | 0 | 
j30_12_7.rcp | 0.001887778 | 33 | 55 | 0 | 0.002661019 | 33 | 55 | 0 | 0.00437598 | 33 | 55 | 0 | 0.002334031 | 33 | 55 | 0 | 
j30_12_8.rcp | 0.001882426 | 33 | 35 | 0 | 0.002448529 | 33 | 35 | 0 | 0.00403213 | 33 | 35 | 0 | 0.002123569 | 33 | 35 | 0 | 
j30_12_9.rcp | 0.001945447 | 33 | 52 | 0 | 0.002590491 | 33 | 52 | 0 | 0.004195047 | 33 | 52 | 0 | 0.002263839 | 33 | 52 | 0 | 
j30_12_10.rcp | 0.001849922 | 33 | 57 | 0 | 0.003868537 | 33 | 57 | 0 | 0.004386219 | 33 | 57 | 0 | 0.002429183 | 33 | 57 | 0 | 
j30_13_1.rcp | 60.00024 | 245767 | -1 | 517334 | 60.000034 | 204740 | -1 | 387657 | 60.000034 | 108150 | -1 | 205115 | 60.00008 | 161725 | -1 | 413351 | 
j30_13_2.rcp | 60.000023 | 387610 | -1 | 584864 | 60.00002 | 330933 | -1 | 424856 | 60.000053 | 202493 | -1 | 258457 | 60.000084 | 285678 | -1 | 497110 | 
j30_13_3.rcp | 60.000065 | 418497 | -1 | 642254 | 60.00006 | 347092 | -1 | 402904 | 60.000324 | 220400 | -1 | 233487 | 60.00009 | 376407 | -1 | 594493 | 
j30_13_4.rcp | 60.000683 | 152392 | -1 | 483300 | 60.00015 | 130206 | -1 | 401401 | 60.001522 | 80230 | -1 | 244469 | 60.000744 | 98588 | -1 | 381013 | 
j30_13_5.rcp | 60.00016 | 314651 | -1 | 290091 | 60.000286 | 277165 | -1 | 271464 | 60.0006 | 163395 | -1 | 158901 | 60.000103 | 275740 | -1 | 451707 | 
j30_13_6.rcp | 60.00008 | 237199 | -1 | 310294 | 60.000233 | 206379 | -1 | 304283 | 60.00004 | 121060 | -1 | 161826 | 60.000195 | 185169 | -1 | 457195 | 
j30_13_7.rcp | 60.00001 | 360088 | -1 | 601411 | 60.000023 | 283886 | -1 | 428715 | 60.000576 | 182178 | -1 | 263608 | 60.00006 | 255553 | -1 | 449383 | 
j30_13_8.rcp | 60.00001 | 641335 | -1 | 783154 | 60.000053 | 511862 | -1 | 432548 | 60.00009 | 347528 | -1 | 290282 | 60.000008 | 514324 | -1 | 382177 | 
j30_13_9.rcp | 60.000202 | 198269 | -1 | 366965 | 60.000103 | 165742 | -1 | 303878 | 60.00092 | 108354 | -1 | 181572 | 60.000748 | 137074 | -1 | 373719 | 
j30_13_10.rcp | 60.000065 | 383549 | -1 | 612913 | 60.00009 | 332711 | -1 | 330930 | 60.00026 | 214700 | -1 | 217546 | 60.000275 | 359104 | -1 | 435293 | 
j30_14_1.rcp | 60.000008 | 199921 | -1 | 160437 | 60.000496 | 166729 | -1 | 212651 | 60.000355 | 93597 | -1 | 124116 | 60.00009 | 146202 | -1 | 230775 | 
j30_14_2.rcp | 60.00006 | 194021 | -1 | 85967 | 60.000313 | 176766 | -1 | 167532 | 60.000206 | 96050 | -1 | 80150 | 60.000206 | 141454 | -1 | 321234 | 
j30_14_3.rcp | 60.000122 | 253835 | -1 | 91971 | 60.000034 | 250464 | -1 | 177284 | 60.00014 | 138120 | -1 | 89125 | 60.0002 | 210625 | -1 | 308600 | 
j30_14_4.rcp | 60.000034 | 276429 | -1 | 118757 | 60.000072 | 239095 | -1 | 120483 | 60.00094 | 134820 | -1 | 67063 | 60.000088 | 247498 | -1 | 329099 | 
j30_14_5.rcp | 0.1335401 | 465 | 52 | 192 | 0.1516895 | 465 | 52 | 281 | 0.28530905 | 465 | 52 | 281 | 0.18755755 | 465 | 52 | 680 | 
j30_14_6.rcp | 0.04372262 | 173 | 35 | 2 | 0.047080893 | 173 | 35 | 29 | 0.09188861 | 173 | 35 | 29 | 0.065427 | 173 | 35 | 212 | 
j30_14_7.rcp | 60.00001 | 205714 | -1 | 199713 | 60.000034 | 175357 | -1 | 252067 | 60.000126 | 92151 | -1 | 138128 | 60.00001 | 124688 | -1 | 317166 | 
j30_14_8.rcp | 0.005262782 | 33 | 54 | 0 | 0.006732128 | 33 | 54 | 4 | 0.012829939 | 33 | 54 | 4 | 0.004962702 | 33 | 54 | 26 | 
j30_14_9.rcp | 60.000233 | 163066 | -1 | 50747 | 60.000046 | 138971 | -1 | 210967 | 60.00154 | 72379 | -1 | 109822 | 60.00057 | 126049 | -1 | 325577 | 
j30_14_10.rcp | 60.00034 | 332377 | -1 | 1139 | 60.00009 | 291672 | -1 | 47037 | 60.000137 | 168404 | -1 | 27920 | 60.000202 | 346073 | -1 | 437473 | 
j30_15_1.rcp | 0.013369797 | 85 | 46 | 0 | 0.016191117 | 85 | 46 | 1 | 0.029107526 | 85 | 46 | 1 | 0.013448517 | 85 | 46 | 30 | 
j30_15_2.rcp | 0.007234476 | 57 | 47 | 0 | 0.008075238 | 57 | 47 | 0 | 0.014835225 | 57 | 47 | 0 | 0.007021353 | 57 | 47 | 9 | 
j30_15_3.rcp | 0.015391568 | 91 | 48 | 0 | 0.015802111 | 91 | 48 | 9 | 0.02893018 | 91 | 48 | 9 | 0.014033488 | 91 | 48 | 44 | 
j30_15_4.rcp | 0.00683806 | 58 | 48 | 0 | 0.008947302 | 58 | 48 | 0 | 0.015923832 | 58 | 48 | 0 | 0.007729855 | 58 | 48 | 14 | 
j30_15_5.rcp | 15.378486 | 53905 | 58 | 24042 | 12.997198 | 38655 | 58 | 36720 | 24.872952 | 38655 | 58 | 36724 | 14.569818 | 36327 | 58 | 76957 | 
j30_15_6.rcp | 0.004432965 | 33 | 67 | 0 | 0.006383172 | 33 | 67 | 1 | 0.009472575 | 33 | 67 | 1 | 0.004503547 | 33 | 67 | 6 | 
j30_15_7.rcp | 0.011920812 | 91 | 47 | 0 | 0.015512905 | 91 | 47 | 3 | 0.028128566 | 91 | 47 | 3 | 0.013267204 | 91 | 47 | 36 | 
j30_15_8.rcp | 0.024881355 | 137 | 50 | 10 | 0.029622415 | 137 | 50 | 16 | 0.055010237 | 137 | 50 | 16 | 0.024011321 | 137 | 50 | 155 | 
j30_15_9.rcp | 0.019176546 | 131 | 54 | 0 | 0.02323762 | 131 | 54 | 2 | 0.043026444 | 131 | 54 | 2 | 0.019121474 | 131 | 54 | 57 | 
j30_15_10.rcp | 0.007623341 | 66 | 65 | 0 | 0.009575963 | 66 | 65 | 6 | 0.01621971 | 66 | 65 | 6 | 0.009045833 | 66 | 65 | 12 | 
j30_16_1.rcp | 0.003158994 | 33 | 51 | 0 | 0.004470204 | 33 | 51 | 0 | 0.007466205 | 33 | 51 | 0 | 0.003854009 | 33 | 51 | 0 | 
j30_16_2.rcp | 0.003264991 | 33 | 48 | 0 | 0.003928877 | 33 | 48 | 0 | 0.007036945 | 33 | 48 | 0 | 0.003527489 | 33 | 48 | 0 | 
j30_16_3.rcp | 0.004325463 | 33 | 36 | 0 | 0.0046994 | 33 | 36 | 0 | 0.00697517 | 33 | 36 | 0 | 0.004125789 | 33 | 36 | 0 | 
j30_16_4.rcp | 0.003050037 | 33 | 47 | 0 | 0.004519254 | 33 | 47 | 0 | 0.007336311 | 33 | 47 | 0 | 0.003830649 | 33 | 47 | 0 | 
j30_16_5.rcp | 0.005381375 | 33 | 51 | 0 | 0.005713227 | 33 | 51 | 0 | 0.007552224 | 33 | 51 | 0 | 0.003752033 | 33 | 51 | 0 | 
j30_16_6.rcp | 0.003182319 | 33 | 51 | 0 | 0.004063376 | 33 | 51 | 0 | 0.007422983 | 33 | 51 | 0 | 0.003806142 | 33 | 51 | 0 | 
j30_16_7.rcp | 0.006607059 | 33 | 34 | 0 | 0.005095952 | 33 | 34 | 0 | 0.007104111 | 33 | 34 | 0 | 0.003435514 | 33 | 34 | 0 | 
j30_16_8.rcp | 0.003672282 | 33 | 44 | 0 | 0.00422091 | 33 | 44 | 0 | 0.007199278 | 33 | 44 | 0 | 0.003649525 | 33 | 44 | 0 | 
j30_16_9.rcp | 0.004451728 | 33 | 44 | 0 | 0.004828785 | 33 | 44 | 0 | 0.007288705 | 33 | 44 | 0 | 0.004201057 | 33 | 44 | 0 | 
j30_16_10.rcp | 0.003196626 | 33 | 51 | 0 | 0.005321339 | 33 | 51 | 0 | 0.007226541 | 33 | 51 | 0 | 0.003712393 | 33 | 51 | 0 | 
j30_17_1.rcp | 60.00003 | 3087570 | -1 | 4894172 | 60.000053 | 2000168 | -1 | 2772613 | 60.000065 | 1537453 | -1 | 2253915 | 60.00001 | 2030673 | -1 | 2832311 | 
j30_17_2.rcp | 6.45073E-4 | 55 | 68 | 13 | 9.13492E-4 | 55 | 68 | 14 | 0.001091595 | 55 | 68 | 14 | 8.36583E-4 | 55 | 68 | 14 | 
j30_17_3.rcp | 3.22675E-4 | 33 | 60 | 2 | 4.51259E-4 | 33 | 60 | 3 | 6.09746E-4 | 33 | 60 | 3 | 4.53651E-4 | 33 | 60 | 4 | 
j30_17_4.rcp | 0.002301774 | 91 | 49 | 49 | 0.002839664 | 91 | 49 | 50 | 0.003718813 | 91 | 49 | 50 | 0.002447273 | 91 | 49 | 48 | 
j30_17_5.rcp | 49.410522 | 1802370 | 47 | 2804103 | 60.000015 | 1449300 | -1 | 2289849 | 60.000008 | 1079139 | -1 | 1829932 | 60.00001 | 1390305 | -1 | 2439324 | 
j30_17_6.rcp | 0.001384781 | 94 | 63 | 34 | 0.001698756 | 94 | 63 | 34 | 0.00221183 | 94 | 63 | 34 | 0.00133345 | 94 | 63 | 34 | 
j30_17_7.rcp | 0.08538077 | 2751 | 57 | 8002 | 0.1130294 | 2751 | 57 | 6124 | 0.14942513 | 2751 | 57 | 6124 | 0.09512736 | 2751 | 57 | 3608 | 
j30_17_8.rcp | 0.003357248 | 165 | 61 | 96 | 0.004230649 | 165 | 61 | 118 | 0.005871885 | 165 | 61 | 118 | 0.004102315 | 165 | 61 | 130 | 
j30_17_9.rcp | 0.002368951 | 179 | 48 | 41 | 0.003523411 | 179 | 48 | 50 | 0.004143938 | 179 | 48 | 50 | 0.002868939 | 179 | 48 | 60 | 
j30_17_10.rcp | 0.001081163 | 103 | 66 | 21 | 0.001376428 | 103 | 66 | 24 | 0.00176739 | 103 | 66 | 24 | 0.001357004 | 103 | 66 | 24 | 
j30_18_1.rcp | 7.5862E-4 | 68 | 53 | 7 | 9.5663E-4 | 68 | 53 | 10 | 0.001378153 | 68 | 53 | 10 | 8.65377E-4 | 68 | 53 | 10 | 
j30_18_2.rcp | 3.88352E-4 | 33 | 55 | 2 | 4.87592E-4 | 33 | 55 | 3 | 6.78294E-4 | 33 | 55 | 3 | 4.59865E-4 | 33 | 55 | 3 | 
j30_18_3.rcp | 9.88651E-4 | 109 | 56 | 12 | 0.001345825 | 109 | 56 | 15 | 0.001843134 | 109 | 56 | 15 | 0.001346149 | 109 | 56 | 16 | 
j30_18_4.rcp | 4.25696E-4 | 33 | 70 | 6 | 5.54917E-4 | 33 | 70 | 6 | 7.11183E-4 | 33 | 70 | 6 | 5.12408E-4 | 33 | 70 | 6 | 
j30_18_5.rcp | 4.28612E-4 | 33 | 52 | 4 | 5.91536E-4 | 33 | 52 | 7 | 8.96338E-4 | 33 | 52 | 7 | 5.09978E-4 | 33 | 52 | 6 | 
j30_18_6.rcp | 8.94199E-4 | 68 | 62 | 16 | 0.001115874 | 68 | 62 | 14 | 0.001606693 | 68 | 62 | 14 | 0.001207486 | 68 | 62 | 15 | 
j30_18_7.rcp | 0.001094763 | 103 | 48 | 13 | 0.001370473 | 103 | 48 | 16 | 0.001995355 | 103 | 48 | 16 | 0.001273603 | 103 | 48 | 17 | 
j30_18_8.rcp | 4.11985E-4 | 33 | 52 | 3 | 5.17317E-4 | 33 | 52 | 3 | 6.36193E-4 | 33 | 52 | 3 | 4.25356E-4 | 33 | 52 | 4 | 
j30_18_9.rcp | 0.001206959 | 129 | 47 | 21 | 0.001693576 | 129 | 47 | 19 | 0.002336383 | 129 | 47 | 19 | 0.001693565 | 129 | 47 | 22 | 
j30_18_10.rcp | 0.08777566 | 2557 | 49 | 4463 | 0.13865563 | 2557 | 49 | 4377 | 0.17679675 | 2557 | 49 | 4377 | 0.10389472 | 2557 | 49 | 3528 | 
j30_19_1.rcp | 0.001375195 | 96 | 40 | 7 | 0.001561807 | 96 | 40 | 18 | 0.002161185 | 96 | 40 | 18 | 0.001331109 | 96 | 40 | 21 | 
j30_19_2.rcp | 3.22367E-4 | 33 | 58 | 2 | 4.3513E-4 | 33 | 58 | 2 | 6.29596E-4 | 33 | 58 | 2 | 3.94283E-4 | 33 | 58 | 2 | 
j30_19_3.rcp | 3.51873E-4 | 33 | 83 | 2 | 4.52896E-4 | 33 | 83 | 3 | 5.76267E-4 | 33 | 83 | 3 | 3.99343E-4 | 33 | 83 | 3 | 
j30_19_4.rcp | 3.01705E-4 | 33 | 39 | 3 | 4.02573E-4 | 33 | 39 | 6 | 5.56843E-4 | 33 | 39 | 6 | 3.69782E-4 | 33 | 39 | 6 | 
j30_19_5.rcp | 9.041E-4 | 70 | 48 | 7 | 0.001199232 | 70 | 48 | 9 | 0.001565202 | 70 | 48 | 9 | 0.001862835 | 70 | 48 | 15 | 
j30_19_6.rcp | 7.76944E-4 | 76 | 49 | 10 | 0.00110993 | 76 | 49 | 9 | 0.001315757 | 76 | 49 | 9 | 9.06235E-4 | 76 | 49 | 9 | 
j30_19_7.rcp | 4.76586E-4 | 33 | 57 | 7 | 6.21439E-4 | 33 | 57 | 10 | 8.62265E-4 | 33 | 57 | 10 | 5.91438E-4 | 33 | 57 | 11 | 
j30_19_8.rcp | 9.25969E-4 | 93 | 55 | 5 | 0.001188151 | 93 | 55 | 8 | 0.001651206 | 93 | 55 | 8 | 0.001108146 | 93 | 55 | 14 | 
j30_19_9.rcp | 5.11126E-4 | 46 | 38 | 8 | 6.67253E-4 | 46 | 38 | 11 | 9.93342E-4 | 46 | 38 | 11 | 5.95352E-4 | 46 | 38 | 12 | 
j30_19_10.rcp | 3.82709E-4 | 33 | 47 | 4 | 5.09892E-4 | 33 | 47 | 4 | 6.90219E-4 | 33 | 47 | 4 | 4.61424E-4 | 33 | 47 | 4 | 
j30_20_1.rcp | 2.89303E-4 | 33 | 57 | 0 | 3.82864E-4 | 33 | 57 | 0 | 5.80643E-4 | 33 | 57 | 0 | 3.53815E-4 | 33 | 57 | 0 | 
j30_20_2.rcp | 3.16572E-4 | 33 | 70 | 0 | 3.96916E-4 | 33 | 70 | 0 | 5.53513E-4 | 33 | 70 | 0 | 4.19831E-4 | 33 | 70 | 0 | 
j30_20_3.rcp | 2.92047E-4 | 33 | 49 | 0 | 4.02573E-4 | 33 | 49 | 0 | 5.34601E-4 | 33 | 49 | 0 | 3.46642E-4 | 33 | 49 | 0 | 
j30_20_4.rcp | 3.14198E-4 | 33 | 43 | 0 | 3.87368E-4 | 33 | 43 | 0 | 5.02603E-4 | 33 | 43 | 0 | 3.3091E-4 | 33 | 43 | 0 | 
j30_20_5.rcp | 2.89136E-4 | 33 | 61 | 0 | 3.76988E-4 | 33 | 61 | 0 | 5.42584E-4 | 33 | 61 | 0 | 3.63488E-4 | 33 | 61 | 0 | 
j30_20_6.rcp | 2.8612E-4 | 33 | 51 | 0 | 3.59547E-4 | 33 | 51 | 0 | 5.04548E-4 | 33 | 51 | 0 | 3.39926E-4 | 33 | 51 | 0 | 
j30_20_7.rcp | 2.89288E-4 | 33 | 42 | 0 | 3.71228E-4 | 33 | 42 | 0 | 4.89813E-4 | 33 | 42 | 0 | 3.30763E-4 | 33 | 42 | 0 | 
j30_20_8.rcp | 2.81193E-4 | 33 | 51 | 0 | 3.73105E-4 | 33 | 51 | 0 | 5.43615E-4 | 33 | 51 | 0 | 3.66904E-4 | 33 | 51 | 0 | 
j30_20_9.rcp | 2.9227E-4 | 33 | 41 | 0 | 3.82664E-4 | 33 | 41 | 0 | 5.63697E-4 | 33 | 41 | 0 | 3.70814E-4 | 33 | 41 | 0 | 
j30_20_10.rcp | 3.09394E-4 | 33 | 37 | 0 | 4.2888E-4 | 33 | 37 | 0 | 5.8413E-4 | 33 | 37 | 0 | 3.95121E-4 | 33 | 37 | 0 | 
j30_21_1.rcp | 60.000042 | 998067 | -1 | 1294725 | 60.000004 | 999785 | -1 | 896533 | 60.000065 | 651235 | -1 | 600891 | 60.000034 | 1121247 | -1 | 1120813 | 
j30_21_2.rcp | 60.000008 | 926447 | -1 | 1768575 | 60.000065 | 629892 | -1 | 1266727 | 60.000088 | 446976 | -1 | 928778 | 60.000267 | 628268 | -1 | 1163484 | 
j30_21_3.rcp | 60.00001 | 1304866 | -1 | 1297904 | 60.00005 | 926963 | -1 | 1031238 | 60.000122 | 687618 | -1 | 758484 | 60.000072 | 964796 | -1 | 940145 | 
j30_21_4.rcp | 60.0001 | 490443 | -1 | 1324018 | 60.000256 | 325440 | -1 | 925909 | 60.000416 | 231653 | -1 | 649861 | 60.000175 | 291359 | -1 | 875157 | 
j30_21_5.rcp | 60.000084 | 439743 | -1 | 2117980 | 60.000233 | 397058 | -1 | 1134233 | 60.000336 | 275383 | -1 | 833435 | 60.000042 | 364151 | -1 | 1178714 | 
j30_21_6.rcp | 60.000034 | 802255 | -1 | 1958072 | 60.00044 | 656079 | -1 | 1123999 | 60.00024 | 432678 | -1 | 741637 | 60.000027 | 691999 | -1 | 1425061 | 
j30_21_7.rcp | 60.00007 | 1423986 | -1 | 1292589 | 60.000084 | 1017181 | -1 | 776423 | 60.000023 | 683991 | -1 | 521884 | 60.000076 | 1126590 | -1 | 1477919 | 
j30_21_8.rcp | 39.09224 | 311023 | 62 | 891145 | 52.573627 | 305835 | 62 | 812116 | 60.0001 | 247273 | -1 | 658044 | 66.21561 | 232485 | -1 | 668764 | 
j30_21_9.rcp | 60.00002 | 678786 | -1 | 1865744 | 60.000084 | 715519 | -1 | 1166832 | 60.00006 | 477184 | -1 | 778548 | 60.00007 | 783337 | -1 | 1026768 | 
j30_21_10.rcp | 60.00007 | 1310295 | -1 | 1518259 | 60.000088 | 961181 | -1 | 1017377 | 60.000034 | 691694 | -1 | 714315 | 60.00006 | 863558 | -1 | 873368 | 
j30_22_1.rcp | 0.012592429 | 252 | 42 | 4 | 0.015353674 | 252 | 42 | 86 | 0.02515023 | 252 | 42 | 86 | 0.012225881 | 252 | 42 | 137 | 
j30_22_2.rcp | 0.001147332 | 33 | 45 | 2 | 0.001440712 | 33 | 45 | 3 | 0.003249187 | 33 | 45 | 3 | 0.001273648 | 33 | 45 | 4 | 
j30_22_3.rcp | 0.002932922 | 70 | 63 | 4 | 0.003652301 | 70 | 63 | 6 | 0.004920588 | 70 | 63 | 6 | 0.002659904 | 70 | 63 | 12 | 
j30_22_4.rcp | 0.003377421 | 85 | 42 | 4 | 0.004604204 | 85 | 42 | 10 | 0.007552717 | 85 | 42 | 10 | 0.004095383 | 85 | 42 | 24 | 
j30_22_5.rcp | 0.003259988 | 68 | 52 | 11 | 0.004425302 | 68 | 52 | 17 | 0.007111742 | 68 | 52 | 17 | 0.004022262 | 68 | 52 | 29 | 
j30_22_6.rcp | 60.00004 | 753049 | -1 | 439309 | 60.00005 | 674694 | -1 | 371592 | 60.000046 | 391890 | -1 | 224653 | 60.000008 | 641368 | -1 | 638646 | 
j30_22_7.rcp | 60.00025 | 617279 | -1 | 491943 | 60.00007 | 402967 | -1 | 503293 | 60.000206 | 249838 | -1 | 307531 | 60.000237 | 407584 | -1 | 779334 | 
j30_22_8.rcp | 60.00008 | 677116 | -1 | 439706 | 60.000107 | 520693 | -1 | 698220 | 60.000015 | 305345 | -1 | 437545 | 60.00004 | 494607 | -1 | 798887 | 
j30_22_9.rcp | 0.002285419 | 33 | 76 | 4 | 0.001706805 | 33 | 76 | 4 | 0.00230816 | 33 | 76 | 4 | 0.001483256 | 33 | 76 | 4 | 
j30_22_10.rcp | 0.015100553 | 268 | 55 | 76 | 0.021369984 | 268 | 55 | 130 | 0.033721607 | 268 | 55 | 130 | 0.017184276 | 268 | 55 | 220 | 
j30_23_1.rcp | 0.002235354 | 66 | 63 | 3 | 0.003982268 | 66 | 63 | 9 | 0.004498478 | 66 | 63 | 9 | 0.002647194 | 66 | 63 | 15 | 
j30_23_2.rcp | 0.001335059 | 33 | 53 | 0 | 0.001842117 | 33 | 53 | 2 | 0.00256526 | 33 | 53 | 2 | 0.001354013 | 33 | 53 | 3 | 
j30_23_3.rcp | 0.001137329 | 33 | 46 | 2 | 0.001477705 | 33 | 46 | 4 | 0.002282596 | 33 | 46 | 4 | 0.001363223 | 33 | 46 | 7 | 
j30_23_4.rcp | 0.002887749 | 76 | 65 | 11 | 0.004284214 | 76 | 65 | 17 | 0.006321203 | 76 | 65 | 17 | 0.006182301 | 76 | 65 | 30 | 
j30_23_5.rcp | 0.00264742 | 56 | 52 | 1 | 0.003108067 | 56 | 52 | 6 | 0.004600013 | 56 | 52 | 6 | 0.002659596 | 56 | 52 | 10 | 
j30_23_6.rcp | 0.004847105 | 115 | 48 | 4 | 0.005786541 | 115 | 48 | 11 | 0.009070883 | 115 | 48 | 11 | 0.005026642 | 115 | 48 | 25 | 
j30_23_7.rcp | 0.007011227 | 158 | 60 | 26 | 0.009438616 | 158 | 60 | 36 | 0.014103401 | 158 | 60 | 36 | 0.009132191 | 158 | 60 | 42 | 
j30_23_8.rcp | 0.004181621 | 97 | 48 | 13 | 0.005307828 | 97 | 48 | 18 | 0.008477606 | 97 | 48 | 18 | 0.004653074 | 97 | 48 | 29 | 
j30_23_9.rcp | 0.006036045 | 140 | 63 | 13 | 0.007799148 | 140 | 63 | 27 | 0.012246337 | 140 | 63 | 27 | 0.006824666 | 140 | 63 | 37 | 
j30_23_10.rcp | 0.001005917 | 33 | 61 | 1 | 0.001856145 | 33 | 61 | 4 | 0.002350056 | 33 | 61 | 4 | 0.00237508 | 33 | 61 | 4 | 
j30_24_1.rcp | 8.6432E-4 | 33 | 53 | 0 | 0.001265141 | 33 | 53 | 0 | 0.001900938 | 33 | 53 | 0 | 0.00107236 | 33 | 53 | 0 | 
j30_24_2.rcp | 0.001165151 | 33 | 58 | 0 | 0.001603964 | 33 | 58 | 0 | 0.002306204 | 33 | 58 | 0 | 0.001238282 | 33 | 58 | 0 | 
j30_24_3.rcp | 9.55184E-4 | 33 | 69 | 0 | 0.001273631 | 33 | 69 | 0 | 0.002162797 | 33 | 69 | 0 | 0.001140151 | 33 | 69 | 0 | 
j30_24_4.rcp | 8.75638E-4 | 33 | 53 | 0 | 0.001239932 | 33 | 53 | 0 | 0.002033209 | 33 | 53 | 0 | 0.001067945 | 33 | 53 | 0 | 
j30_24_5.rcp | 8.87743E-4 | 33 | 51 | 0 | 0.001243484 | 33 | 51 | 0 | 0.002074009 | 33 | 51 | 0 | 0.001102015 | 33 | 51 | 0 | 
j30_24_6.rcp | 9.12064E-4 | 33 | 56 | 0 | 0.001278619 | 33 | 56 | 0 | 0.001933578 | 33 | 56 | 0 | 0.001138518 | 33 | 56 | 0 | 
j30_24_7.rcp | 8.54738E-4 | 33 | 44 | 0 | 0.001182418 | 33 | 44 | 0 | 0.001844773 | 33 | 44 | 0 | 0.001055123 | 33 | 44 | 0 | 
j30_24_8.rcp | 8.5198E-4 | 33 | 38 | 0 | 0.001169152 | 33 | 38 | 0 | 0.00180541 | 33 | 38 | 0 | 0.001038497 | 33 | 38 | 0 | 
j30_24_9.rcp | 8.89982E-4 | 33 | 43 | 0 | 0.001198069 | 33 | 43 | 0 | 0.002029594 | 33 | 43 | 0 | 0.001059393 | 33 | 43 | 0 | 
j30_24_10.rcp | 8.53734E-4 | 33 | 53 | 0 | 0.001207 | 33 | 53 | 0 | 0.001852659 | 33 | 53 | 0 | 0.001068183 | 33 | 53 | 0 | 
j30_25_1.rcp | 60.00016 | 421036 | -1 | 656884 | 60.000473 | 332436 | -1 | 553800 | 60.00081 | 215347 | -1 | 374836 | 60.000355 | 304802 | -1 | 575560 | 
j30_25_2.rcp | 60.000034 | 587702 | -1 | 1007543 | 60.000114 | 478398 | -1 | 721350 | 60.000095 | 305913 | -1 | 463847 | 60.000027 | 525172 | -1 | 746191 | 
j30_25_3.rcp | 60.00005 | 566772 | -1 | 754637 | 60.00001 | 451411 | -1 | 552545 | 60.00023 | 285511 | -1 | 345672 | 60.000153 | 469335 | -1 | 626537 | 
j30_25_4.rcp | 60.00001 | 489767 | -1 | 1201304 | 60.000217 | 366804 | -1 | 913082 | 60.000282 | 244431 | -1 | 604385 | 60.000153 | 380999 | -1 | 989827 | 
j30_25_5.rcp | 60.00001 | 337583 | -1 | 568298 | 60.00017 | 303197 | -1 | 344393 | 60.000626 | 182672 | -1 | 218710 | 60.000164 | 285564 | -1 | 405987 | 
j30_25_6.rcp | 60.00002 | 332774 | -1 | 574458 | 60.000034 | 269328 | -1 | 434026 | 60.00016 | 162853 | -1 | 265519 | 60.000088 | 255016 | -1 | 493783 | 
j30_25_7.rcp | 60.000076 | 621176 | -1 | 791895 | 60.000248 | 464277 | -1 | 645102 | 60.00013 | 303302 | -1 | 407033 | 60.00014 | 511559 | -1 | 799632 | 
j30_25_8.rcp | 60.00004 | 350069 | -1 | 773340 | 60.000076 | 272439 | -1 | 631838 | 60.00004 | 170698 | -1 | 399500 | 60.000072 | 263861 | -1 | 668905 | 
j30_25_9.rcp | 60.000023 | 697702 | -1 | 1358556 | 60.000015 | 554374 | -1 | 943703 | 60.000195 | 376042 | -1 | 637785 | 60.000065 | 596603 | -1 | 1081730 | 
j30_25_10.rcp | 60.000134 | 293554 | -1 | 701141 | 60.000084 | 271555 | -1 | 494639 | 60.000435 | 180804 | -1 | 308082 | 60.00007 | 260559 | -1 | 524455 | 
j30_26_1.rcp | 0.79229647 | 4768 | 59 | 7802 | 0.77828443 | 4050 | 59 | 8268 | 1.3068918 | 4050 | 59 | 8193 | 0.74782866 | 3690 | 59 | 8812 | 
j30_26_2.rcp | 0.003145824 | 33 | 40 | 0 | 0.003654123 | 33 | 40 | 3 | 0.006617823 | 33 | 40 | 3 | 0.002978011 | 33 | 40 | 17 | 
j30_26_3.rcp | 0.0051817 | 56 | 58 | 6 | 0.006280649 | 56 | 58 | 12 | 0.010567611 | 56 | 58 | 12 | 0.005564639 | 56 | 58 | 21 | 
j30_26_4.rcp | 0.005442475 | 58 | 62 | 3 | 0.00740068 | 58 | 62 | 13 | 0.011344051 | 58 | 62 | 13 | 0.005716579 | 58 | 62 | 32 | 
j30_26_5.rcp | 60.00004 | 486360 | -1 | 331992 | 60.000046 | 384506 | -1 | 343700 | 60.000065 | 233484 | -1 | 212166 | 60.000175 | 407238 | -1 | 446634 | 
j30_26_6.rcp | 11.771332 | 53220 | 53 | 49218 | 14.75132 | 53212 | 53 | 66278 | 25.762688 | 53212 | 53 | 65654 | 18.104881 | 53184 | 53 | 112108 | 
j30_26_7.rcp | 0.017044544 | 164 | 56 | 16 | 0.02108767 | 164 | 56 | 40 | 0.036236208 | 164 | 56 | 40 | 0.019884003 | 162 | 56 | 103 | 
j30_26_8.rcp | 0.009475963 | 80 | 66 | 12 | 0.014856592 | 80 | 66 | 28 | 0.020807518 | 80 | 66 | 28 | 0.00981334 | 80 | 66 | 67 | 
j30_26_9.rcp | 0.77982545 | 3509 | 43 | 2508 | 0.8971 | 3509 | 43 | 3675 | 1.6208656 | 3509 | 43 | 3675 | 1.0763679 | 3489 | 43 | 6080 | 
j30_26_10.rcp | 0.019037198 | 167 | 49 | 3 | 0.024079692 | 167 | 49 | 21 | 0.037099 | 167 | 49 | 21 | 0.02056714 | 167 | 49 | 81 | 
j30_27_1.rcp | 0.014120153 | 110 | 43 | 4 | 0.012414511 | 110 | 43 | 12 | 0.021005685 | 110 | 43 | 12 | 0.010941425 | 110 | 43 | 30 | 
j30_27_2.rcp | 0.00501439 | 57 | 58 | 0 | 0.006712239 | 57 | 58 | 3 | 0.011331065 | 57 | 58 | 3 | 0.005570371 | 57 | 58 | 22 | 
j30_27_3.rcp | 0.012165992 | 114 | 60 | 0 | 0.013106685 | 114 | 60 | 5 | 0.023064712 | 114 | 60 | 5 | 0.010912499 | 114 | 60 | 20 | 
j30_27_4.rcp | 0.009620232 | 121 | 64 | 6 | 0.012684958 | 121 | 64 | 16 | 0.020384444 | 121 | 64 | 16 | 0.010887047 | 119 | 64 | 29 | 
j30_27_5.rcp | 0.019005544 | 165 | 49 | 2 | 0.020026458 | 165 | 49 | 10 | 0.03352 | 165 | 49 | 10 | 0.018238042 | 165 | 49 | 61 | 
j30_27_6.rcp | 0.011722419 | 132 | 59 | 4 | 0.013026083 | 132 | 59 | 8 | 0.021462504 | 132 | 59 | 8 | 0.010608996 | 132 | 59 | 18 | 
j30_27_7.rcp | 0.015066049 | 139 | 49 | 0 | 0.014889116 | 139 | 49 | 2 | 0.02628559 | 139 | 49 | 2 | 0.015162432 | 139 | 49 | 44 | 
j30_27_8.rcp | 0.008841132 | 105 | 66 | 7 | 0.011263053 | 105 | 66 | 15 | 0.017747909 | 105 | 66 | 15 | 0.009112856 | 105 | 66 | 25 | 
j30_27_9.rcp | 0.008468298 | 99 | 55 | 1 | 0.011417906 | 99 | 55 | 16 | 0.017972887 | 99 | 55 | 16 | 0.009391795 | 99 | 55 | 20 | 
j30_27_10.rcp | 0.00953562 | 123 | 62 | 0 | 0.013362422 | 123 | 62 | 4 | 0.020815296 | 123 | 62 | 4 | 0.011331436 | 123 | 62 | 24 | 
j30_28_1.rcp | 0.003414183 | 33 | 69 | 0 | 0.002943135 | 33 | 69 | 0 | 0.004594089 | 33 | 69 | 0 | 0.002583144 | 33 | 69 | 0 | 
j30_28_2.rcp | 0.001969096 | 33 | 57 | 0 | 0.002882299 | 33 | 57 | 0 | 0.004581014 | 33 | 57 | 0 | 0.00269516 | 33 | 57 | 0 | 
j30_28_3.rcp | 0.002293625 | 33 | 40 | 0 | 0.002644338 | 33 | 40 | 0 | 0.004802961 | 33 | 40 | 0 | 0.002495464 | 33 | 40 | 0 | 
j30_28_4.rcp | 0.002412102 | 33 | 49 | 0 | 0.002704338 | 33 | 49 | 0 | 0.004520495 | 33 | 49 | 0 | 0.002241492 | 33 | 49 | 0 | 
j30_28_5.rcp | 0.002639495 | 33 | 73 | 0 | 0.003465505 | 33 | 73 | 0 | 0.005495743 | 33 | 73 | 0 | 0.002592663 | 33 | 73 | 0 | 
j30_28_6.rcp | 0.002192183 | 33 | 55 | 0 | 0.002897793 | 33 | 55 | 0 | 0.005868929 | 33 | 55 | 0 | 0.002513612 | 33 | 55 | 0 | 
j30_28_7.rcp | 0.002214616 | 33 | 48 | 0 | 0.002904491 | 33 | 48 | 0 | 0.004698993 | 33 | 48 | 0 | 0.002467839 | 33 | 48 | 0 | 
j30_28_8.rcp | 0.002407655 | 33 | 53 | 0 | 0.003493807 | 33 | 53 | 0 | 0.004889592 | 33 | 53 | 0 | 0.002821712 | 33 | 53 | 0 | 
j30_28_9.rcp | 0.002465334 | 33 | 62 | 0 | 0.002721509 | 33 | 62 | 0 | 0.00469464 | 33 | 62 | 0 | 0.002323497 | 33 | 62 | 0 | 
j30_28_10.rcp | 0.002231546 | 33 | 59 | 0 | 0.003348526 | 33 | 59 | 0 | 0.004812495 | 33 | 59 | 0 | 0.002781473 | 33 | 59 | 0 | 
j30_29_1.rcp | 60.000088 | 431089 | -1 | 586075 | 60.00018 | 357456 | -1 | 516645 | 60.00034 | 219904 | -1 | 315236 | 60.00006 | 396752 | -1 | 610092 | 
j30_29_2.rcp | 60.000065 | 284485 | -1 | 527862 | 60.00009 | 268844 | -1 | 420988 | 60.000027 | 162689 | -1 | 234114 | 60.000156 | 279935 | -1 | 511588 | 
j30_29_3.rcp | 60.000134 | 253025 | -1 | 523616 | 60.00006 | 238067 | -1 | 432990 | 60.00003 | 138063 | -1 | 252887 | 60.00001 | 196809 | -1 | 491797 | 
j30_29_4.rcp | 60.0001 | 298047 | -1 | 751967 | 60.00014 | 272125 | -1 | 628582 | 60.000122 | 170192 | -1 | 380963 | 60.000275 | 270895 | -1 | 649809 | 
j30_29_5.rcp | 60.00007 | 355445 | -1 | 589515 | 60.000072 | 301975 | -1 | 508658 | 60.00042 | 190627 | -1 | 328168 | 60.0001 | 331208 | -1 | 599308 | 
j30_29_6.rcp | 60.000065 | 308862 | -1 | 468392 | 60.000107 | 307201 | -1 | 384941 | 60.00082 | 179936 | -1 | 225201 | 60.000042 | 281668 | -1 | 401950 | 
j30_29_7.rcp | 60.00056 | 399314 | -1 | 485479 | 60.000214 | 329654 | -1 | 444503 | 60.00014 | 206426 | -1 | 267286 | 60.000126 | 327028 | -1 | 472229 | 
j30_29_8.rcp | 60.000015 | 241619 | -1 | 658015 | 60.00001 | 229224 | -1 | 580463 | 60.00042 | 139479 | -1 | 341735 | 60.000374 | 187928 | -1 | 539764 | 
j30_29_9.rcp | 60.000027 | 494462 | -1 | 578907 | 60.000114 | 443608 | -1 | 377355 | 60.00012 | 282497 | -1 | 246352 | 60.000015 | 476914 | -1 | 412817 | 
j30_29_10.rcp | 60.00027 | 237765 | -1 | 486414 | 60.000095 | 256434 | -1 | 505983 | 60.00019 | 150396 | -1 | 297536 | 60.000145 | 282871 | -1 | 585470 | 
j30_30_1.rcp | 60.000526 | 157619 | -1 | 133080 | 60.000046 | 165696 | -1 | 157696 | 60.001434 | 88087 | -1 | 85180 | 60.000416 | 121332 | -1 | 247240 | 
j30_30_2.rcp | 60.000103 | 441708 | -1 | 144843 | 60.00004 | 429771 | -1 | 354265 | 60.000095 | 236604 | -1 | 193315 | 60.000137 | 553927 | -1 | 685268 | 
j30_30_3.rcp | 60.000217 | 220032 | -1 | 124079 | 60.000046 | 209565 | -1 | 161947 | 60.000237 | 112289 | -1 | 82649 | 60.00026 | 178683 | -1 | 317330 | 
j30_30_4.rcp | 6.1446595 | 14837 | 53 | 4638 | 6.09339 | 14809 | 53 | 11006 | 11.926784 | 14809 | 53 | 11004 | 8.364277 | 14511 | 53 | 20971 | 
j30_30_5.rcp | 1.6623544 | 3499 | 54 | 665 | 1.7959001 | 3499 | 54 | 3525 | 3.5207329 | 3499 | 54 | 3525 | 2.794443 | 3499 | 54 | 9766 | 
j30_30_6.rcp | 60.00015 | 314864 | -1 | 96321 | 60.0001 | 279716 | -1 | 191648 | 60.00003 | 155203 | -1 | 113672 | 60.00013 | 279103 | -1 | 342297 | 
j30_30_7.rcp | 60.000103 | 209138 | -1 | 91518 | 60.00037 | 192264 | -1 | 146599 | 60.000027 | 103372 | -1 | 77726 | 60.000145 | 143580 | -1 | 263734 | 
j30_30_8.rcp | 60.000008 | 132720 | -1 | 56150 | 60.000126 | 124462 | -1 | 110737 | 60.000187 | 64239 | -1 | 58584 | 60.000523 | 98998 | -1 | 182371 | 
j30_30_9.rcp | 60.00001 | 171175 | -1 | 30583 | 60.000137 | 165569 | -1 | 69581 | 60.000126 | 83983 | -1 | 32649 | 60.00026 | 123620 | -1 | 196713 | 
j30_30_10.rcp | 60.000153 | 183485 | -1 | 29775 | 60.00006 | 177116 | -1 | 95697 | 60.000927 | 90350 | -1 | 47716 | 60.00005 | 154657 | -1 | 288515 | 
j30_31_1.rcp | 0.004538376 | 33 | 43 | 0 | 0.005118914 | 33 | 43 | 1 | 0.009199205 | 33 | 43 | 1 | 0.004096584 | 33 | 43 | 6 | 
j30_31_2.rcp | 0.004213761 | 33 | 63 | 0 | 0.005324611 | 33 | 63 | 0 | 0.010387468 | 33 | 63 | 0 | 0.004688295 | 33 | 63 | 9 | 
j30_31_3.rcp | 0.010205599 | 77 | 58 | 0 | 0.011334039 | 77 | 58 | 3 | 0.020860257 | 77 | 58 | 3 | 0.010003711 | 77 | 58 | 15 | 
j30_31_4.rcp | 0.013609214 | 84 | 50 | 0 | 0.012279924 | 84 | 50 | 4 | 0.022512915 | 84 | 50 | 4 | 0.012082422 | 84 | 50 | 17 | 
j30_31_5.rcp | 11.017184 | 30410 | 52 | 6826 | 11.44329 | 30410 | 52 | 11038 | 21.086582 | 30410 | 52 | 11038 | 13.625933 | 30410 | 52 | 20706 | 
j30_31_6.rcp | 0.013341118 | 90 | 53 | 0 | 0.01554177 | 90 | 53 | 4 | 0.027738672 | 90 | 53 | 4 | 0.011616322 | 90 | 53 | 25 | 
j30_31_7.rcp | 0.020616813 | 142 | 61 | 0 | 0.0246421 | 142 | 61 | 2 | 0.04577922 | 142 | 61 | 2 | 0.021062696 | 142 | 61 | 19 | 
j30_31_8.rcp | 0.004666908 | 33 | 58 | 1 | 0.005456974 | 33 | 58 | 2 | 0.009879686 | 33 | 58 | 2 | 0.00469236 | 33 | 58 | 7 | 
j30_31_9.rcp | 60.000465 | 181011 | -1 | 5018 | 60.000347 | 170441 | -1 | 93653 | 60.000237 | 89931 | -1 | 49340 | 60.000046 | 142137 | -1 | 174000 | 
j30_31_10.rcp | 60.000275 | 201999 | -1 | 37016 | 60.000645 | 188183 | -1 | 55206 | 60.000294 | 92783 | -1 | 31888 | 60.000233 | 145455 | -1 | 221701 | 
j30_32_1.rcp | 0.004371887 | 33 | 61 | 0 | 0.00419635 | 33 | 61 | 0 | 0.007427573 | 33 | 61 | 0 | 0.003483464 | 33 | 61 | 0 | 
j30_32_2.rcp | 0.005733125 | 33 | 60 | 0 | 0.005149757 | 33 | 60 | 0 | 0.007406928 | 33 | 60 | 0 | 0.003508363 | 33 | 60 | 0 | 
j30_32_3.rcp | 0.003407 | 33 | 57 | 0 | 0.004260362 | 33 | 57 | 0 | 0.007194015 | 33 | 57 | 0 | 0.003380674 | 33 | 57 | 0 | 
j30_32_4.rcp | 0.003439842 | 33 | 68 | 0 | 0.005017 | 33 | 68 | 0 | 0.007772774 | 33 | 68 | 0 | 0.003750174 | 33 | 68 | 0 | 
j30_32_5.rcp | 0.003554348 | 33 | 54 | 0 | 0.004307499 | 33 | 54 | 0 | 0.007754443 | 33 | 54 | 0 | 0.003721933 | 33 | 54 | 0 | 
j30_32_6.rcp | 0.00384065 | 33 | 44 | 0 | 0.004138026 | 33 | 44 | 0 | 0.007227424 | 33 | 44 | 0 | 0.003317323 | 33 | 44 | 0 | 
j30_32_7.rcp | 0.005826952 | 33 | 35 | 0 | 0.004953026 | 33 | 35 | 0 | 0.008136789 | 33 | 35 | 0 | 0.003291354 | 33 | 35 | 0 | 
j30_32_8.rcp | 0.003347529 | 33 | 54 | 0 | 0.004188093 | 33 | 54 | 0 | 0.007401038 | 33 | 54 | 0 | 0.003588685 | 33 | 54 | 0 | 
j30_32_9.rcp | 0.003357016 | 33 | 65 | 0 | 0.004527587 | 33 | 65 | 0 | 0.007537765 | 33 | 65 | 0 | 0.003680057 | 33 | 65 | 0 | 
j30_32_10.rcp | 0.003399997 | 33 | 51 | 0 | 0.004036619 | 33 | 51 | 0 | 0.008026713 | 33 | 51 | 0 | 0.003553595 | 33 | 51 | 0 | 
j30_33_1.rcp | 0.002185094 | 145 | 65 | 64 | 0.003022671 | 145 | 65 | 65 | 0.003837277 | 145 | 65 | 65 | 0.002911952 | 145 | 65 | 65 | 
j30_33_2.rcp | 0.002327816 | 148 | 60 | 77 | 0.002884248 | 148 | 60 | 79 | 0.003990343 | 148 | 60 | 79 | 0.002919067 | 148 | 60 | 87 | 
j30_33_3.rcp | 0.029180512 | 1177 | 55 | 1003 | 0.041606992 | 1177 | 55 | 1515 | 0.05067019 | 1177 | 55 | 1515 | 0.04292811 | 1177 | 55 | 1544 | 
j30_33_4.rcp | 0.001081416 | 87 | 77 | 50 | 0.001480588 | 87 | 77 | 53 | 0.00202786 | 87 | 77 | 53 | 0.001465777 | 87 | 77 | 53 | 
j30_33_5.rcp | 0.003037338 | 194 | 53 | 100 | 0.004465103 | 194 | 53 | 102 | 0.006092014 | 194 | 53 | 102 | 0.004669973 | 194 | 53 | 110 | 
j30_33_6.rcp | 4.33619E-4 | 33 | 59 | 9 | 0.001273883 | 33 | 59 | 11 | 0.001347565 | 33 | 59 | 11 | 7.75426E-4 | 33 | 59 | 11 | 
j30_33_7.rcp | 0.001497499 | 66 | 58 | 8 | 0.001703163 | 66 | 58 | 16 | 0.001868072 | 66 | 58 | 16 | 0.001086302 | 66 | 58 | 17 | 
j30_33_8.rcp | 60.000008 | 1550521 | -1 | 2836767 | 60.000008 | 1295248 | -1 | 1383826 | 60.000042 | 1046836 | -1 | 928454 | 60.000023 | 1052357 | -1 | 1017181 | 
j30_33_9.rcp | 60.00002 | 6270767 | -1 | 934743 | 60.000015 | 4525514 | -1 | 840626 | 60.00001 | 3652026 | -1 | 690711 | 60.000023 | 4482348 | -1 | 1020292 | 
j30_33_10.rcp | 4.92339E-4 | 33 | 53 | 1 | 4.82045E-4 | 33 | 53 | 2 | 6.5022E-4 | 33 | 53 | 2 | 4.47804E-4 | 33 | 53 | 3 | 
j30_34_1.rcp | 4.49475E-4 | 33 | 68 | 16 | 5.48047E-4 | 33 | 68 | 9 | 7.30868E-4 | 33 | 68 | 9 | 5.05285E-4 | 33 | 68 | 9 | 
j30_34_2.rcp | 5.67859E-4 | 33 | 44 | 2 | 7.77009E-4 | 33 | 44 | 3 | 0.00105133 | 33 | 44 | 3 | 6.04129E-4 | 33 | 44 | 4 | 
j30_34_3.rcp | 8.39239E-4 | 60 | 69 | 7 | 0.001017545 | 60 | 69 | 9 | 0.001238216 | 60 | 69 | 9 | 7.86622E-4 | 60 | 69 | 10 | 
j30_34_4.rcp | 7.60111E-4 | 68 | 67 | 3 | 0.001025831 | 68 | 67 | 4 | 0.001231314 | 68 | 67 | 4 | 8.0068E-4 | 68 | 67 | 7 | 
j30_34_5.rcp | 7.79869E-4 | 68 | 63 | 12 | 0.001158023 | 68 | 63 | 16 | 0.001503463 | 68 | 63 | 16 | 0.001103132 | 68 | 63 | 16 | 
j30_34_6.rcp | 6.87156E-4 | 66 | 52 | 8 | 8.64988E-4 | 66 | 52 | 9 | 0.001166284 | 66 | 52 | 9 | 8.28034E-4 | 66 | 52 | 9 | 
j30_34_7.rcp | 8.71424E-4 | 68 | 58 | 8 | 0.001201053 | 68 | 58 | 8 | 0.001741377 | 68 | 58 | 8 | 0.001032972 | 68 | 58 | 12 | 
j30_34_8.rcp | 7.74689E-4 | 68 | 58 | 6 | 0.001038284 | 68 | 58 | 7 | 0.001449554 | 68 | 58 | 7 | 9.36504E-4 | 68 | 58 | 7 | 
j30_34_9.rcp | 2.83342E-4 | 33 | 60 | 2 | 3.85283E-4 | 33 | 60 | 3 | 5.3307E-4 | 33 | 60 | 3 | 3.50854E-4 | 33 | 60 | 4 | 
j30_34_10.rcp | 5.07095E-4 | 52 | 47 | 5 | 6.86036E-4 | 52 | 47 | 8 | 0.001882033 | 52 | 47 | 8 | 6.30457E-4 | 52 | 47 | 8 | 
j30_35_1.rcp | 6.6909E-4 | 66 | 57 | 5 | 8.78332E-4 | 66 | 57 | 5 | 0.001103318 | 66 | 57 | 5 | 6.87034E-4 | 66 | 57 | 5 | 
j30_35_2.rcp | 6.30095E-4 | 33 | 53 | 1 | 8.5534E-4 | 33 | 53 | 3 | 0.001057849 | 33 | 53 | 3 | 5.16212E-4 | 33 | 53 | 3 | 
j30_35_3.rcp | 0.001399483 | 103 | 60 | 5 | 0.001742865 | 103 | 60 | 8 | 0.002253419 | 103 | 60 | 8 | 0.001391788 | 103 | 60 | 9 | 
j30_35_4.rcp | 0.001445374 | 123 | 50 | 25 | 0.002170854 | 123 | 50 | 30 | 0.002797308 | 123 | 50 | 30 | 0.001920044 | 123 | 50 | 30 | 
j30_35_5.rcp | 5.81256E-4 | 66 | 60 | 1 | 8.00022E-4 | 66 | 60 | 7 | 0.001260681 | 66 | 60 | 7 | 7.32751E-4 | 66 | 60 | 8 | 
j30_35_6.rcp | 7.17067E-4 | 68 | 58 | 5 | 9.30275E-4 | 68 | 58 | 6 | 0.001259885 | 68 | 58 | 6 | 8.99117E-4 | 68 | 58 | 6 | 
j30_35_7.rcp | 8.89113E-4 | 90 | 61 | 7 | 0.001192512 | 90 | 61 | 10 | 0.001623597 | 90 | 61 | 10 | 0.001091247 | 90 | 61 | 10 | 
j30_35_8.rcp | 3.25713E-4 | 33 | 63 | 2 | 4.6223E-4 | 33 | 63 | 4 | 6.58548E-4 | 33 | 63 | 4 | 4.0517E-4 | 33 | 63 | 4 | 
j30_35_9.rcp | 8.23985E-4 | 70 | 59 | 10 | 0.001033458 | 70 | 59 | 9 | 0.001283967 | 70 | 59 | 9 | 8.17323E-4 | 70 | 59 | 9 | 
j30_35_10.rcp | 3.63504E-4 | 33 | 59 | 2 | 4.88778E-4 | 33 | 59 | 3 | 6.69971E-4 | 33 | 59 | 3 | 4.54678E-4 | 33 | 59 | 4 | 
j30_36_1.rcp | 2.73255E-4 | 33 | 66 | 0 | 3.57741E-4 | 33 | 66 | 0 | 4.93839E-4 | 33 | 66 | 0 | 3.32445E-4 | 33 | 66 | 0 | 
j30_36_2.rcp | 2.61912E-4 | 33 | 44 | 0 | 3.30366E-4 | 33 | 44 | 0 | 4.63009E-4 | 33 | 44 | 0 | 3.3748E-4 | 33 | 44 | 0 | 
j30_36_3.rcp | 2.75447E-4 | 33 | 61 | 0 | 3.54267E-4 | 33 | 61 | 0 | 4.88631E-4 | 33 | 61 | 0 | 3.25478E-4 | 33 | 61 | 0 | 
j30_36_4.rcp | 3.90019E-4 | 33 | 59 | 0 | 4.93503E-4 | 33 | 59 | 0 | 6.12474E-4 | 33 | 59 | 0 | 4.33523E-4 | 33 | 59 | 0 | 
j30_36_5.rcp | 3.64442E-4 | 33 | 64 | 0 | 4.53388E-4 | 33 | 64 | 0 | 6.78698E-4 | 33 | 64 | 0 | 4.54687E-4 | 33 | 64 | 0 | 
j30_36_6.rcp | 2.81091E-4 | 33 | 46 | 0 | 3.56527E-4 | 33 | 46 | 0 | 4.65232E-4 | 33 | 46 | 0 | 3.01664E-4 | 33 | 46 | 0 | 
j30_36_7.rcp | 2.57133E-4 | 33 | 56 | 0 | 3.38502E-4 | 33 | 56 | 0 | 4.63231E-4 | 33 | 56 | 0 | 3.56889E-4 | 33 | 56 | 0 | 
j30_36_8.rcp | 3.49404E-4 | 33 | 63 | 0 | 5.39545E-4 | 33 | 63 | 0 | 7.08273E-4 | 33 | 63 | 0 | 3.57637E-4 | 33 | 63 | 0 | 
j30_36_9.rcp | 2.84204E-4 | 33 | 59 | 0 | 3.85012E-4 | 33 | 59 | 0 | 5.38404E-4 | 33 | 59 | 0 | 3.45818E-4 | 33 | 59 | 0 | 
j30_36_10.rcp | 3.78649E-4 | 33 | 59 | 0 | 4.06892E-4 | 33 | 59 | 0 | 5.56227E-4 | 33 | 59 | 0 | 3.57501E-4 | 33 | 59 | 0 | 
j30_37_1.rcp | 60.000023 | 1165875 | -1 | 1528325 | 60.000195 | 839913 | -1 | 1203549 | 60.000095 | 536450 | -1 | 783966 | 60.000114 | 791141 | -1 | 1173962 | 
j30_37_2.rcp | 60.00002 | 1039168 | -1 | 1265854 | 60.00007 | 851788 | -1 | 1213954 | 60.00002 | 554876 | -1 | 811659 | 60.00001 | 883800 | -1 | 1391260 | 
j30_37_3.rcp | 60.000175 | 1040070 | -1 | 1850025 | 60.000084 | 717649 | -1 | 1175422 | 60.00014 | 512098 | -1 | 821224 | 60.00015 | 811923 | -1 | 1067624 | 
j30_37_4.rcp | 60.000076 | 1298603 | -1 | 1449900 | 60.000046 | 1104168 | -1 | 885656 | 60.00004 | 718407 | -1 | 560216 | 60.000015 | 1109441 | -1 | 1039452 | 
j30_37_5.rcp | 60.000008 | 824749 | -1 | 2474873 | 60.000107 | 607748 | -1 | 1559632 | 60.000088 | 476870 | -1 | 1179692 | 60.00005 | 583118 | -1 | 1140695 | 
j30_37_6.rcp | 60.00005 | 1148722 | -1 | 1367055 | 60.00002 | 893499 | -1 | 1002959 | 60.00007 | 606858 | -1 | 683946 | 60.00005 | 964162 | -1 | 1127152 | 
j30_37_7.rcp | 60.00001 | 1117965 | -1 | 1220584 | 60.00002 | 828832 | -1 | 790186 | 60.00027 | 541693 | -1 | 516122 | 60.00002 | 861533 | -1 | 881576 | 
j30_37_8.rcp | 60.000114 | 993703 | -1 | 1974802 | 60.000027 | 918604 | -1 | 1015516 | 60.00002 | 600820 | -1 | 660039 | 60.00016 | 905403 | -1 | 1123638 | 
j30_37_9.rcp | 60.000053 | 537705 | -1 | 1973194 | 60.000267 | 423577 | -1 | 1185648 | 60.000015 | 314391 | -1 | 843696 | 60.00023 | 381958 | -1 | 1145428 | 
j30_37_10.rcp | 60.00001 | 1601196 | -1 | 1422283 | 60.000027 | 1215532 | -1 | 1223005 | 60.000027 | 867152 | -1 | 853309 | 60.000015 | 1264957 | -1 | 1337332 | 
j30_38_1.rcp | 0.003130548 | 69 | 48 | 13 | 0.003902842 | 69 | 48 | 13 | 0.006096626 | 69 | 48 | 13 | 0.003382435 | 69 | 48 | 20 | 
j30_38_2.rcp | 0.007657699 | 126 | 54 | 16 | 0.007568264 | 126 | 54 | 25 | 0.010485227 | 126 | 54 | 25 | 0.006099808 | 126 | 54 | 56 | 
j30_38_3.rcp | 0.004629704 | 122 | 59 | 17 | 0.00611238 | 122 | 59 | 20 | 0.009271809 | 122 | 59 | 20 | 0.005678314 | 122 | 59 | 29 | 
j30_38_4.rcp | 0.005497873 | 98 | 59 | 18 | 0.004805801 | 98 | 59 | 21 | 0.007118083 | 98 | 59 | 21 | 0.00401989 | 98 | 59 | 27 | 
j30_38_5.rcp | 60.000008 | 691298 | -1 | 871149 | 60.000122 | 491173 | -1 | 617891 | 60.00013 | 309943 | -1 | 399820 | 60.000072 | 511457 | -1 | 811554 | 
j30_38_6.rcp | 0.002622385 | 68 | 63 | 7 | 0.00366791 | 68 | 63 | 11 | 0.005446733 | 68 | 63 | 11 | 0.003150239 | 68 | 63 | 19 | 
j30_38_7.rcp | 0.005224584 | 121 | 65 | 14 | 0.00736553 | 121 | 65 | 31 | 0.011896273 | 121 | 65 | 31 | 0.008068441 | 121 | 65 | 47 | 
j30_38_8.rcp | 0.006894523 | 168 | 61 | 33 | 0.00946098 | 168 | 61 | 37 | 0.01500127 | 168 | 61 | 37 | 0.008779907 | 168 | 61 | 52 | 
j30_38_9.rcp | 0.20160984 | 2356 | 63 | 1514 | 0.299238 | 2356 | 63 | 1641 | 0.49384493 | 2356 | 63 | 1641 | 0.26945353 | 2356 | 63 | 1997 | 
j30_38_10.rcp | 0.002572292 | 66 | 60 | 7 | 0.003513981 | 66 | 60 | 12 | 0.005494111 | 66 | 60 | 12 | 0.003242345 | 66 | 60 | 14 | 
j30_39_1.rcp | 0.003796726 | 124 | 55 | 6 | 0.005480541 | 124 | 55 | 13 | 0.008329589 | 124 | 55 | 13 | 0.004771661 | 124 | 55 | 21 | 
j30_39_2.rcp | 0.002786049 | 82 | 54 | 7 | 0.003877106 | 82 | 54 | 21 | 0.006247631 | 82 | 54 | 21 | 0.003570285 | 82 | 54 | 28 | 
j30_39_3.rcp | 0.002250348 | 56 | 54 | 12 | 0.003060227 | 56 | 54 | 13 | 0.004634 | 56 | 54 | 13 | 0.002795201 | 56 | 54 | 16 | 
j30_39_4.rcp | 0.001972288 | 61 | 53 | 0 | 0.002670474 | 61 | 53 | 4 | 0.00403759 | 61 | 53 | 4 | 0.002352176 | 61 | 53 | 8 | 
j30_39_5.rcp | 0.002848314 | 66 | 55 | 3 | 0.002815667 | 66 | 55 | 6 | 0.004513503 | 66 | 55 | 6 | 0.002546021 | 66 | 55 | 8 | 
j30_39_6.rcp | 0.001226284 | 33 | 69 | 2 | 0.001789038 | 33 | 69 | 2 | 0.002713456 | 33 | 69 | 2 | 0.001591308 | 33 | 69 | 4 | 
j30_39_7.rcp | 0.001311768 | 33 | 56 | 4 | 0.002068817 | 33 | 56 | 6 | 0.002855277 | 33 | 56 | 6 | 0.001604047 | 33 | 56 | 9 | 
j30_39_8.rcp | 0.001033339 | 33 | 67 | 0 | 0.001446133 | 33 | 67 | 2 | 0.002153725 | 33 | 67 | 2 | 0.001330319 | 33 | 67 | 3 | 
j30_39_9.rcp | 0.002046199 | 49 | 64 | 4 | 0.002947847 | 49 | 64 | 7 | 0.004403622 | 49 | 64 | 7 | 0.002699986 | 49 | 64 | 7 | 
j30_39_10.rcp | 0.001272331 | 33 | 60 | 2 | 0.001610831 | 33 | 60 | 4 | 0.002437347 | 33 | 60 | 4 | 0.001550034 | 33 | 60 | 6 | 
j30_40_1.rcp | 8.42538E-4 | 33 | 51 | 0 | 0.00111148 | 33 | 51 | 0 | 0.001756011 | 33 | 51 | 0 | 0.001109736 | 33 | 51 | 0 | 
j30_40_2.rcp | 8.16322E-4 | 33 | 56 | 0 | 0.002053531 | 33 | 56 | 0 | 0.001825411 | 33 | 56 | 0 | 0.001021136 | 33 | 56 | 0 | 
j30_40_3.rcp | 8.56397E-4 | 33 | 57 | 0 | 0.001274344 | 33 | 57 | 0 | 0.001956099 | 33 | 57 | 0 | 0.001033042 | 33 | 57 | 0 | 
j30_40_4.rcp | 8.81718E-4 | 33 | 57 | 0 | 0.001265931 | 33 | 57 | 0 | 0.001932212 | 33 | 57 | 0 | 0.001215743 | 33 | 57 | 0 | 
j30_40_5.rcp | 8.03153E-4 | 33 | 65 | 0 | 0.001147843 | 33 | 65 | 0 | 0.001739906 | 33 | 65 | 0 | 0.001007549 | 33 | 65 | 0 | 
j30_40_6.rcp | 8.29066E-4 | 33 | 60 | 0 | 0.001222824 | 33 | 60 | 0 | 0.001847127 | 33 | 60 | 0 | 0.00110016 | 33 | 60 | 0 | 
j30_40_7.rcp | 8.10637E-4 | 33 | 46 | 0 | 0.001279494 | 33 | 46 | 0 | 0.001718858 | 33 | 46 | 0 | 0.001087348 | 33 | 46 | 0 | 
j30_40_8.rcp | 8.2206E-4 | 33 | 57 | 0 | 0.001141491 | 33 | 57 | 0 | 0.001741798 | 33 | 57 | 0 | 0.001015607 | 33 | 57 | 0 | 
j30_40_9.rcp | 8.36072E-4 | 33 | 64 | 0 | 0.001161928 | 33 | 64 | 0 | 0.001787028 | 33 | 64 | 0 | 0.001119875 | 33 | 64 | 0 | 
j30_40_10.rcp | 8.21295E-4 | 33 | 51 | 0 | 0.001142158 | 33 | 51 | 0 | 0.001744666 | 33 | 51 | 0 | 0.001004529 | 33 | 51 | 0 | 
j30_41_1.rcp | 60.000145 | 466864 | -1 | 1093223 | 60.00007 | 358975 | -1 | 841671 | 60.000286 | 248198 | -1 | 573491 | 60.00005 | 338724 | -1 | 831567 | 
j30_41_2.rcp | 60.00007 | 499095 | -1 | 492633 | 60.000107 | 417430 | -1 | 401038 | 60.00014 | 254053 | -1 | 262367 | 60.000065 | 370252 | -1 | 484288 | 
j30_41_3.rcp | 60.000065 | 598991 | -1 | 758731 | 60.00007 | 485910 | -1 | 537073 | 60.000095 | 332532 | -1 | 356225 | 60.000027 | 456342 | -1 | 506354 | 
j30_41_4.rcp | 60.000034 | 590400 | -1 | 1058780 | 60.00026 | 455838 | -1 | 746396 | 60.00005 | 301308 | -1 | 490227 | 60.000015 | 511299 | -1 | 761685 | 
j30_41_5.rcp | 60.000202 | 404018 | -1 | 972423 | 60.000492 | 308824 | -1 | 710345 | 60.000477 | 203497 | -1 | 424954 | 60.000217 | 272332 | -1 | 738725 | 
j30_41_6.rcp | 60.00009 | 703286 | -1 | 1020442 | 60.000053 | 600391 | -1 | 878215 | 60.000027 | 405982 | -1 | 610643 | 60.000084 | 625320 | -1 | 1011953 | 
j30_41_7.rcp | 60.000015 | 402715 | -1 | 1031307 | 60.000175 | 325367 | -1 | 759573 | 60.000603 | 215347 | -1 | 501169 | 60.00026 | 354409 | -1 | 791029 | 
j30_41_8.rcp | 60.000134 | 958059 | -1 | 1146368 | 60.000088 | 884096 | -1 | 947363 | 60.00001 | 560054 | -1 | 601757 | 60.00012 | 907740 | -1 | 1008747 | 
j30_41_9.rcp | 60.00005 | 223300 | -1 | 976630 | 60.000084 | 178589 | -1 | 652059 | 60.000072 | 121652 | -1 | 443638 | 60.00005 | 186761 | -1 | 660273 | 
j30_41_10.rcp | 60.00003 | 528193 | -1 | 1181926 | 60.000008 | 430376 | -1 | 896750 | 60.00015 | 283748 | -1 | 582783 | 60.000027 | 434125 | -1 | 971563 | 
j30_42_1.rcp | 0.018942067 | 199 | 58 | 20 | 0.023693692 | 199 | 58 | 38 | 0.0397806 | 199 | 58 | 38 | 0.022918828 | 199 | 58 | 109 | 
j30_42_2.rcp | 0.6513848 | 2493 | 50 | 618 | 0.7729404 | 2481 | 50 | 2626 | 1.4086481 | 2481 | 50 | 2626 | 0.7877903 | 2451 | 50 | 4446 | 
j30_42_3.rcp | 60.000126 | 258697 | -1 | 187587 | 60.000355 | 199493 | -1 | 296786 | 60.000023 | 121511 | -1 | 179557 | 60.000298 | 194286 | -1 | 354221 | 
j30_42_4.rcp | 3.0060437 | 14780 | 49 | 13817 | 3.1399674 | 13792 | 49 | 19950 | 5.4122953 | 13792 | 49 | 20090 | 2.7803257 | 13020 | 49 | 23858 | 
j30_42_5.rcp | 0.008994622 | 66 | 52 | 0 | 0.00750789 | 66 | 52 | 6 | 0.011945694 | 66 | 52 | 6 | 0.005559834 | 66 | 52 | 26 | 
j30_42_6.rcp | 0.023407675 | 161 | 66 | 101 | 0.033028856 | 161 | 66 | 119 | 0.050975267 | 161 | 66 | 100 | 0.029354503 | 157 | 66 | 136 | 
j30_42_7.rcp | 0.021185748 | 213 | 66 | 21 | 0.02731736 | 213 | 66 | 45 | 0.04537542 | 213 | 66 | 41 | 0.0260402 | 213 | 66 | 84 | 
j30_42_8.rcp | 60.000027 | 383659 | -1 | 560933 | 60.00001 | 324516 | -1 | 477287 | 60.000423 | 213103 | -1 | 311082 | 60.00019 | 414562 | -1 | 710471 | 
j30_42_9.rcp | 0.891416 | 3672 | 60 | 5219 | 1.0930594 | 3672 | 60 | 7230 | 1.9146267 | 3672 | 60 | 7230 | 1.0449828 | 3630 | 60 | 7446 | 
j30_42_10.rcp | 0.004716409 | 56 | 75 | 7 | 0.006248161 | 56 | 75 | 17 | 0.010856568 | 56 | 75 | 17 | 0.005088705 | 56 | 75 | 27 | 
j30_43_1.rcp | 8.944656 | 48032 | 55 | 21938 | 11.393448 | 47872 | 55 | 47788 | 19.314459 | 47872 | 55 | 47810 | 12.075242 | 47872 | 55 | 84832 | 
j30_43_2.rcp | 0.019177612 | 253 | 43 | 10 | 0.025049793 | 253 | 43 | 25 | 0.041153304 | 253 | 43 | 25 | 0.021947952 | 253 | 43 | 51 | 
j30_43_3.rcp | 0.16824295 | 856 | 57 | 670 | 0.19656788 | 856 | 57 | 865 | 0.3288633 | 856 | 57 | 865 | 0.17706756 | 856 | 57 | 627 | 
j30_43_4.rcp | 0.007387976 | 101 | 67 | 5 | 0.010082597 | 101 | 67 | 14 | 0.01617928 | 101 | 67 | 14 | 0.010015884 | 101 | 67 | 23 | 
j30_43_5.rcp | 0.026381992 | 227 | 64 | 32 | 0.03131503 | 227 | 64 | 52 | 0.05328097 | 227 | 64 | 60 | 0.032699738 | 227 | 64 | 158 | 
j30_43_6.rcp | 0.01658848 | 176 | 58 | 2 | 0.021024304 | 176 | 58 | 15 | 0.036764245 | 176 | 58 | 15 | 0.018966073 | 176 | 58 | 39 | 
j30_43_7.rcp | 0.019190755 | 212 | 52 | 2 | 0.02266507 | 212 | 52 | 14 | 0.038170848 | 212 | 52 | 14 | 0.02023504 | 212 | 52 | 51 | 
j30_43_8.rcp | 0.019095607 | 154 | 62 | 0 | 0.023515388 | 154 | 62 | 37 | 0.04217074 | 154 | 62 | 37 | 0.021269908 | 154 | 62 | 74 | 
j30_43_9.rcp | 60.000134 | 455679 | -1 | 69599 | 60.000275 | 423454 | -1 | 138539 | 60.000206 | 246064 | -1 | 80489 | 60.0001 | 428206 | -1 | 356098 | 
j30_43_10.rcp | 0.015323168 | 152 | 60 | 14 | 0.020072928 | 152 | 60 | 38 | 0.030739795 | 152 | 60 | 38 | 0.016045773 | 152 | 60 | 62 | 
j30_44_1.rcp | 0.001987688 | 33 | 50 | 0 | 0.002627566 | 33 | 50 | 0 | 0.004352546 | 33 | 50 | 0 | 0.002296902 | 33 | 50 | 0 | 
j30_44_2.rcp | 0.001995522 | 33 | 54 | 0 | 0.002672481 | 33 | 54 | 0 | 0.004968705 | 33 | 54 | 0 | 0.002270744 | 33 | 54 | 0 | 
j30_44_3.rcp | 0.002245218 | 33 | 51 | 0 | 0.002578102 | 33 | 51 | 0 | 0.004288844 | 33 | 51 | 0 | 0.002408116 | 33 | 51 | 0 | 
j30_44_4.rcp | 0.001908295 | 33 | 57 | 0 | 0.002661906 | 33 | 57 | 0 | 0.004416332 | 33 | 57 | 0 | 0.002280004 | 33 | 57 | 0 | 
j30_44_5.rcp | 0.001911859 | 33 | 55 | 0 | 0.002605604 | 33 | 55 | 0 | 0.004398102 | 33 | 55 | 0 | 0.002221849 | 33 | 55 | 0 | 
j30_44_6.rcp | 0.001844933 | 33 | 56 | 0 | 0.002578814 | 33 | 56 | 0 | 0.004116845 | 33 | 56 | 0 | 0.002197979 | 33 | 56 | 0 | 
j30_44_7.rcp | 0.002083141 | 33 | 42 | 0 | 0.002379859 | 33 | 42 | 0 | 0.003989698 | 33 | 42 | 0 | 0.002110048 | 33 | 42 | 0 | 
j30_44_8.rcp | 0.002721432 | 33 | 49 | 0 | 0.003413622 | 33 | 49 | 0 | 0.004582057 | 33 | 49 | 0 | 0.002323278 | 33 | 49 | 0 | 
j30_44_9.rcp | 0.001875776 | 33 | 64 | 0 | 0.002575398 | 33 | 64 | 0 | 0.004280871 | 33 | 64 | 0 | 0.002107347 | 33 | 64 | 0 | 
j30_44_10.rcp | 0.001908839 | 33 | 63 | 0 | 0.002559772 | 33 | 63 | 0 | 0.004173236 | 33 | 63 | 0 | 0.002387597 | 33 | 63 | 0 | 
j30_45_1.rcp | 60.00004 | 357779 | -1 | 900031 | 60.000572 | 299049 | -1 | 809743 | 60.00065 | 192382 | -1 | 509282 | 60.00018 | 299666 | -1 | 823272 | 
j30_45_2.rcp | 60.000114 | 314231 | -1 | 763112 | 60.000046 | 296311 | -1 | 516971 | 60.00021 | 186251 | -1 | 312028 | 60.00003 | 352263 | -1 | 539208 | 
j30_45_3.rcp | 60.000355 | 329932 | -1 | 474723 | 60.000248 | 290084 | -1 | 454877 | 60.000538 | 173301 | -1 | 255450 | 60.000042 | 298750 | -1 | 550468 | 
j30_45_4.rcp | 60.00021 | 363144 | -1 | 381888 | 60.00008 | 257972 | -1 | 593690 | 60.000095 | 155579 | -1 | 365474 | 60.000263 | 218079 | -1 | 229668 | 
j30_45_5.rcp | 60.000015 | 335159 | -1 | 437768 | 60.000027 | 284524 | -1 | 331832 | 60.000526 | 174025 | -1 | 213654 | 60.000095 | 248827 | -1 | 335972 | 
j30_45_6.rcp | 60.00006 | 774601 | -1 | 839968 | 60.00002 | 687142 | -1 | 570081 | 60.000034 | 450311 | -1 | 364376 | 60.00015 | 732664 | -1 | 688575 | 
j30_45_7.rcp | 60.000027 | 430544 | -1 | 593847 | 60.000042 | 342219 | -1 | 499150 | 60.000134 | 221525 | -1 | 324446 | 60.00016 | 320518 | -1 | 457274 | 
j30_45_8.rcp | 60.00018 | 258747 | -1 | 656085 | 60.00016 | 257974 | -1 | 538551 | 60.00013 | 174120 | -1 | 328494 | 60.00095 | 280029 | -1 | 642625 | 
j30_45_9.rcp | 60.000053 | 410680 | -1 | 546933 | 60.00023 | 348602 | -1 | 440534 | 60.00008 | 221114 | -1 | 283700 | 60.000328 | 397488 | -1 | 445220 | 
j30_45_10.rcp | 60.000072 | 214463 | -1 | 521448 | 60.00068 | 196683 | -1 | 421488 | 60.00059 | 121661 | -1 | 261933 | 60.000927 | 152976 | -1 | 374430 | 
j30_46_1.rcp | 0.27384487 | 697 | 59 | 700 | 0.26723737 | 559 | 59 | 979 | 0.49118263 | 559 | 59 | 979 | 0.23934358 | 543 | 59 | 1567 | 
j30_46_2.rcp | 60.000103 | 163682 | -1 | 133093 | 60.00014 | 162282 | -1 | 183258 | 60.00023 | 87046 | -1 | 95243 | 60.000134 | 108344 | -1 | 261651 | 
j30_46_3.rcp | 60.000233 | 267892 | -1 | 392776 | 60.00013 | 287189 | -1 | 249829 | 60.001007 | 157670 | -1 | 136447 | 60.00009 | 281267 | -1 | 463518 | 
j30_46_4.rcp | 0.09961929 | 293 | 64 | 38 | 0.11134514 | 293 | 64 | 148 | 0.20991708 | 293 | 64 | 148 | 0.13605314 | 293 | 64 | 439 | 
j30_46_5.rcp | 0.030346202 | 173 | 57 | 1 | 0.03207659 | 173 | 57 | 8 | 0.06155352 | 173 | 57 | 8 | 0.033268128 | 173 | 57 | 87 | 
j30_46_6.rcp | 60.000053 | 197670 | -1 | 155311 | 60.00009 | 185514 | -1 | 250174 | 60.00026 | 106489 | -1 | 131706 | 60.000153 | 159478 | -1 | 474247 | 
j30_46_7.rcp | 60.000042 | 214255 | -1 | 180149 | 60.000103 | 211488 | -1 | 215829 | 60.0004 | 116151 | -1 | 116193 | 60.000423 | 193563 | -1 | 406267 | 
j30_46_8.rcp | 8.485746 | 21577 | 58 | 8226 | 8.734429 | 21577 | 58 | 10909 | 16.811266 | 21577 | 58 | 10912 | 12.262801 | 19791 | 58 | 36498 | 
j30_46_9.rcp | 0.30408436 | 724 | 49 | 165 | 0.26969418 | 714 | 49 | 241 | 0.5278517 | 714 | 49 | 241 | 0.2602555 | 552 | 49 | 609 | 
j30_46_10.rcp | 60.000584 | 175422 | -1 | 94152 | 60.00052 | 165706 | -1 | 166499 | 60.000706 | 85258 | -1 | 79408 | 60.000153 | 136462 | -1 | 230580 | 
j30_47_1.rcp | 0.034341373 | 235 | 58 | 1 | 0.038913112 | 235 | 58 | 22 | 0.070017375 | 235 | 58 | 22 | 0.0377219 | 235 | 58 | 60 | 
j30_47_2.rcp | 0.01147589 | 55 | 59 | 0 | 0.008271083 | 55 | 59 | 0 | 0.015564591 | 55 | 59 | 0 | 0.007077385 | 55 | 59 | 21 | 
j30_47_3.rcp | 0.023399124 | 155 | 55 | 5 | 0.027071008 | 155 | 55 | 21 | 0.047954638 | 155 | 55 | 21 | 0.024844564 | 155 | 55 | 71 | 
j30_47_4.rcp | 0.029505892 | 144 | 49 | 4 | 0.032030858 | 144 | 49 | 25 | 0.05334073 | 144 | 49 | 25 | 0.026722845 | 144 | 49 | 86 | 
j30_47_5.rcp | 0.009922121 | 56 | 47 | 2 | 0.011080831 | 56 | 47 | 8 | 0.019800263 | 56 | 47 | 8 | 0.009049266 | 56 | 47 | 8 | 
j30_47_6.rcp | 0.12305188 | 418 | 53 | 27 | 0.08710191 | 307 | 53 | 56 | 0.1640796 | 307 | 53 | 56 | 0.078941844 | 289 | 53 | 216 | 
j30_47_7.rcp | 60.00021 | 184468 | -1 | 26093 | 60.000294 | 151228 | -1 | 38538 | 60.00034 | 84232 | -1 | 21917 | 60.000416 | 150689 | -1 | 183159 | 
j30_47_8.rcp | 0.022425417 | 171 | 48 | 2 | 0.025514057 | 171 | 48 | 5 | 0.046858344 | 171 | 48 | 5 | 0.021467254 | 171 | 48 | 36 | 
j30_47_9.rcp | 0.015991125 | 90 | 65 | 0 | 0.013787867 | 90 | 65 | 5 | 0.024618492 | 90 | 65 | 5 | 0.01248512 | 90 | 65 | 16 | 
j30_47_10.rcp | 60.000225 | 236297 | -1 | 53244 | 60.000046 | 209607 | -1 | 107501 | 60.000023 | 112149 | -1 | 57856 | 60.00027 | 187649 | -1 | 260045 | 
j30_48_1.rcp | 0.003447976 | 33 | 63 | 0 | 0.004381816 | 33 | 63 | 0 | 0.007452364 | 33 | 63 | 0 | 0.003741985 | 33 | 63 | 0 | 
j30_48_2.rcp | 0.004064507 | 33 | 54 | 0 | 0.003958484 | 33 | 54 | 0 | 0.006942382 | 33 | 54 | 0 | 0.003454288 | 33 | 54 | 0 | 
j30_48_3.rcp | 0.003375993 | 33 | 50 | 0 | 0.004003801 | 33 | 50 | 0 | 0.007310165 | 33 | 50 | 0 | 0.003368955 | 33 | 50 | 0 | 
j30_48_4.rcp | 0.00331767 | 33 | 57 | 0 | 0.004266986 | 33 | 57 | 0 | 0.00740991 | 33 | 57 | 0 | 0.003452112 | 33 | 57 | 0 | 
j30_48_5.rcp | 0.00350671 | 33 | 58 | 0 | 0.004240255 | 33 | 58 | 0 | 0.007593167 | 33 | 58 | 0 | 0.003565423 | 33 | 58 | 0 | 
j30_48_6.rcp | 0.005779642 | 33 | 58 | 0 | 0.005425084 | 33 | 58 | 0 | 0.00746474 | 33 | 58 | 0 | 0.003610485 | 33 | 58 | 0 | 
j30_48_7.rcp | 0.00616057 | 33 | 55 | 0 | 0.005251802 | 33 | 55 | 0 | 0.007463509 | 33 | 55 | 0 | 0.003491784 | 33 | 55 | 0 | 
j30_48_8.rcp | 0.003573416 | 33 | 44 | 0 | 0.005107157 | 33 | 44 | 0 | 0.007383631 | 33 | 44 | 0 | 0.003565407 | 33 | 44 | 0 | 
j30_48_9.rcp | 0.003342864 | 33 | 59 | 0 | 0.003954572 | 33 | 59 | 0 | 0.007400494 | 33 | 59 | 0 | 0.003193167 | 33 | 59 | 0 | 
j30_48_10.rcp | 0.003282107 | 33 | 54 | 0 | 0.004662594 | 33 | 54 | 0 | 0.007687895 | 33 | 54 | 0 | 0.004425269 | 33 | 54 | 0 | 
Solve by All :344       NbTL :347, NbH :345, NbCH :344, NbOH :344   TimeTL :0.40023365390465354, TimeH :0.45842572073161136, TimeCH :0.7838877612604086, TimeOH :0.49088742907634847   BackTL :3520, BackH :3398, BackCH :3398, BackOH :3291