Inst |timeTL |backtTL |makespanTL |propTL |timeH |backtH |makespanH |propH |timeCTLH |backtCTLH |makespanCTLH |propCTLH |timeCH |backtCH |makespanCH |propCH |
j30_1_1.rcp | 0.012370388 | 12 | 282 | 2 | 0.007976372 | 12 | 282 | 4 | 0.004911163 | 12 | 282 | 4 | 0.005319636 | 12 | 282 | 4 | 
j30_1_2.rcp | 0.003268528 | 12 | 382 | 0 | 0.002714277 | 12 | 382 | 1 | 0.002914576 | 12 | 382 | 1 | 0.002539346 | 12 | 382 | 1 | 
j30_1_3.rcp | 0.004743303 | 15 | 511 | 1 | 0.009900674 | 32 | 511 | 12 | 0.010134994 | 32 | 511 | 12 | 0.009607408 | 32 | 511 | 14 | 
j30_1_4.rcp | 0.007778862 | 39 | 531 | 18 | 0.007278959 | 39 | 531 | 19 | 0.008028689 | 39 | 531 | 19 | 0.009943268 | 39 | 531 | 19 | 
j30_1_5.rcp | 0.001905419 | 12 | 281 | 6 | 0.002681419 | 12 | 281 | 7 | 0.00259849 | 12 | 281 | 7 | 0.002573479 | 12 | 281 | 7 | 
j30_1_6.rcp | 0.002758482 | 13 | 285 | 0 | 0.002448617 | 13 | 285 | 3 | 0.003507322 | 13 | 285 | 3 | 0.002358419 | 13 | 285 | 3 | 
j30_1_7.rcp | 1.2460631 | 21441 | 428 | 13093 | 3.6109781 | 73517 | 428 | 26196 | 4.4124928 | 73517 | 428 | 26225 | 1.5201336 | 73517 | 428 | 32633 | 
j30_1_8.rcp | 0.00186818 | 93 | 308 | 45 | 0.001634166 | 68 | 308 | 34 | 0.001327813 | 68 | 308 | 34 | 0.001147559 | 68 | 308 | 34 | 
j30_1_9.rcp | 9.57653E-4 | 61 | 430 | 4 | 0.001213372 | 61 | 430 | 5 | 0.001516712 | 61 | 430 | 5 | 0.001105282 | 61 | 430 | 5 | 
j30_1_10.rcp | 4.03719E-4 | 14 | 454 | 2 | 4.46972E-4 | 14 | 454 | 2 | 4.92342E-4 | 14 | 454 | 2 | 4.34817E-4 | 14 | 454 | 2 | 
j30_2_1.rcp | 4.08895E-4 | 13 | 377 | 0 | 4.44666E-4 | 13 | 377 | 4 | 4.40268E-4 | 13 | 377 | 4 | 3.98329E-4 | 13 | 377 | 4 | 
j30_2_2.rcp | 4.06987E-4 | 12 | 503 | 0 | 4.12272E-4 | 12 | 503 | 1 | 4.33267E-4 | 12 | 503 | 1 | 3.82904E-4 | 12 | 503 | 1 | 
j30_2_3.rcp | 5.73736E-4 | 18 | 429 | 3 | 7.646E-4 | 35 | 429 | 13 | 9.49732E-4 | 35 | 429 | 13 | 8.01881E-4 | 35 | 429 | 13 | 
j30_2_4.rcp | 4.07144E-4 | 13 | 384 | 0 | 3.77333E-4 | 13 | 384 | 1 | 4.43151E-4 | 13 | 384 | 1 | 3.77808E-4 | 13 | 384 | 1 | 
j30_2_5.rcp | 4.0264E-4 | 13 | 430 | 0 | 3.95393E-4 | 13 | 430 | 1 | 5.58437E-4 | 13 | 430 | 1 | 3.66821E-4 | 13 | 430 | 1 | 
j30_2_6.rcp | 0.004354004 | 242 | 381 | 7 | 0.004953955 | 242 | 381 | 13 | 0.006507602 | 242 | 381 | 13 | 0.007244214 | 242 | 381 | 16 | 
j30_2_7.rcp | 3.4498E-4 | 12 | 276 | 1 | 3.66529E-4 | 12 | 276 | 1 | 4.82169E-4 | 12 | 276 | 1 | 4.13459E-4 | 12 | 276 | 2 | 
j30_2_8.rcp | 7.46664E-4 | 12 | 803 | 1 | 4.65865E-4 | 12 | 803 | 2 | 5.16899E-4 | 12 | 803 | 2 | 4.39573E-4 | 12 | 803 | 3 | 
j30_2_9.rcp | 3.9375E-4 | 13 | 405 | 1 | 4.35924E-4 | 13 | 405 | 1 | 4.80317E-4 | 13 | 405 | 1 | 4.01979E-4 | 13 | 405 | 2 | 
j30_2_10.rcp | 3.32418E-4 | 13 | 379 | 1 | 5.86263E-4 | 13 | 379 | 1 | 4.04355E-4 | 13 | 379 | 1 | 5.43068E-4 | 13 | 379 | 2 | 
j30_3_1.rcp | 4.59356E-4 | 16 | 494 | 0 | 6.08752E-4 | 28 | 494 | 1 | 7.81305E-4 | 28 | 494 | 1 | 5.9742E-4 | 28 | 494 | 1 | 
j30_3_2.rcp | 2.45043E-4 | 12 | 383 | 1 | 3.47576E-4 | 12 | 383 | 3 | 3.8289E-4 | 12 | 383 | 3 | 3.30441E-4 | 12 | 383 | 3 | 
j30_3_3.rcp | 2.2196E-4 | 11 | 476 | 1 | 3.3833E-4 | 11 | 476 | 4 | 3.89662E-4 | 11 | 476 | 4 | 3.27972E-4 | 11 | 476 | 4 | 
j30_3_4.rcp | 2.60042E-4 | 9 | 997 | 1 | 2.59749E-4 | 9 | 997 | 3 | 3.07129E-4 | 9 | 997 | 3 | 2.5975E-4 | 9 | 997 | 3 | 
j30_3_5.rcp | 2.34938E-4 | 12 | 484 | 3 | 2.33411E-4 | 12 | 484 | 4 | 2.71035E-4 | 12 | 484 | 4 | 2.45095E-4 | 12 | 484 | 4 | 
j30_3_6.rcp | 2.11773E-4 | 12 | 328 | 2 | 2.50964E-4 | 12 | 328 | 3 | 2.9211E-4 | 12 | 328 | 3 | 2.33651E-4 | 12 | 328 | 3 | 
j30_3_7.rcp | 2.03098E-4 | 12 | 506 | 1 | 2.20227E-4 | 12 | 506 | 1 | 2.63683E-4 | 12 | 506 | 1 | 2.20747E-4 | 12 | 506 | 1 | 
j30_3_8.rcp | 2.05551E-4 | 12 | 368 | 0 | 2.37422E-4 | 12 | 368 | 1 | 2.80804E-4 | 12 | 368 | 1 | 2.17613E-4 | 12 | 368 | 1 | 
j30_3_9.rcp | 2.25895E-4 | 12 | 262 | 0 | 7.14151E-4 | 12 | 262 | 2 | 3.09337E-4 | 12 | 262 | 2 | 2.33039E-4 | 12 | 262 | 2 | 
j30_3_10.rcp | 2.28465E-4 | 14 | 359 | 0 | 2.56082E-4 | 14 | 359 | 0 | 3.25851E-4 | 14 | 359 | 0 | 2.50868E-4 | 14 | 359 | 0 | 
j30_4_1.rcp | 2.19367E-4 | 11 | 335 | 0 | 2.31216E-4 | 11 | 335 | 1 | 3.36857E-4 | 11 | 335 | 1 | 2.18574E-4 | 11 | 335 | 1 | 
j30_4_2.rcp | 1.83956E-4 | 12 | 308 | 0 | 1.91211E-4 | 12 | 308 | 0 | 2.47603E-4 | 12 | 308 | 0 | 2.2951E-4 | 12 | 308 | 0 | 
j30_4_3.rcp | 4.92619E-4 | 49 | 356 | 2 | 6.14125E-4 | 49 | 356 | 2 | 7.50042E-4 | 49 | 356 | 2 | 5.7211E-4 | 49 | 356 | 2 | 
j30_4_4.rcp | 1.90407E-4 | 12 | 304 | 0 | 2.07256E-4 | 12 | 304 | 1 | 2.45215E-4 | 12 | 304 | 1 | 2.00165E-4 | 12 | 304 | 1 | 
j30_4_5.rcp | 5.87168E-4 | 39 | 294 | 2 | 6.26904E-4 | 39 | 294 | 4 | 8.1665E-4 | 39 | 294 | 4 | 5.41389E-4 | 39 | 294 | 4 | 
j30_4_6.rcp | 1.8419E-4 | 10 | 394 | 0 | 2.80397E-4 | 10 | 394 | 0 | 0.002565844 | 10 | 394 | 0 | 2.05797E-4 | 10 | 394 | 0 | 
j30_4_7.rcp | 2.06346E-4 | 11 | 629 | 0 | 2.32265E-4 | 11 | 629 | 1 | 2.69208E-4 | 11 | 629 | 1 | 2.17099E-4 | 11 | 629 | 1 | 
j30_4_8.rcp | 1.90492E-4 | 12 | 482 | 0 | 2.17833E-4 | 12 | 482 | 0 | 2.49026E-4 | 12 | 482 | 0 | 1.94558E-4 | 12 | 482 | 0 | 
j30_4_9.rcp | 2.42751E-4 | 14 | 235 | 0 | 2.3436E-4 | 14 | 235 | 1 | 3.0271E-4 | 14 | 235 | 1 | 2.29712E-4 | 14 | 235 | 1 | 
j30_4_10.rcp | 2.02584E-4 | 10 | 760 | 0 | 2.40584E-4 | 10 | 760 | 1 | 2.75093E-4 | 10 | 760 | 1 | 2.19872E-4 | 10 | 760 | 1 | 
j30_5_1.rcp | 0.001080303 | 18 | 360 | 7 | 0.001339965 | 18 | 360 | 11 | 0.001894837 | 18 | 360 | 11 | 0.001245681 | 18 | 360 | 15 | 
j30_5_2.rcp | 7.57402E-4 | 15 | 484 | 13 | 9.03416E-4 | 15 | 484 | 16 | 0.001141337 | 15 | 484 | 16 | 0.001381041 | 15 | 484 | 16 | 
j30_5_3.rcp | 0.03618885 | 550 | 517 | 450 | 0.030981896 | 604 | 517 | 362 | 0.043415025 | 604 | 517 | 360 | 0.025812412 | 596 | 517 | 393 | 
j30_5_4.rcp | 0.01115274 | 233 | 565 | 201 | 0.02113826 | 371 | 565 | 460 | 0.029785268 | 371 | 565 | 460 | 0.028759751 | 523 | 565 | 619 | 
j30_5_5.rcp | 11.180748 | 188578 | 759 | 125102 | 12.035992 | 198574 | 759 | 159204 | 15.188899 | 198574 | 759 | 159588 | 60.00012 | 1087825 | -1 | 1149510 | 
j30_5_6.rcp | 0.01689246 | 290 | 410 | 324 | 0.46317428 | 7507 | 410 | 7213 | 0.65472806 | 7507 | 410 | 7233 | 0.44105408 | 7507 | 410 | 10471 | 
j30_5_7.rcp | 0.058695056 | 921 | 501 | 984 | 0.1319246 | 1654 | 501 | 1777 | 0.18070959 | 1654 | 501 | 1793 | 0.5463723 | 8582 | 501 | 10290 | 
j30_5_8.rcp | 60.000023 | 1120554 | -1 | 797245 | 60.000095 | 943881 | -1 | 609963 | 60.00007 | 703569 | -1 | 526510 | 60.00007 | 2196906 | -1 | 1048739 | 
j30_5_9.rcp | 0.75863653 | 7514 | 295 | 4408 | 0.58056396 | 6975 | 295 | 4728 | 0.8113058 | 6975 | 295 | 4726 | 0.4928472 | 6975 | 295 | 5479 | 
j30_5_10.rcp | 0.012226005 | 361 | 664 | 63 | 0.005267997 | 77 | 664 | 51 | 0.007701618 | 77 | 664 | 51 | 0.004582084 | 77 | 664 | 49 | 
j30_6_1.rcp | 3.69301E-4 | 11 | 479 | 0 | 4.03544E-4 | 11 | 479 | 1 | 5.82666E-4 | 11 | 479 | 1 | 5.05638E-4 | 11 | 479 | 2 | 
j30_6_2.rcp | 6.65296E-4 | 10 | 454 | 1 | 7.29052E-4 | 10 | 454 | 2 | 6.51461E-4 | 10 | 454 | 2 | 4.44364E-4 | 10 | 454 | 3 | 
j30_6_3.rcp | 3.74604E-4 | 13 | 403 | 0 | 5.13436E-4 | 13 | 403 | 1 | 6.20897E-4 | 13 | 403 | 1 | 4.31909E-4 | 13 | 403 | 1 | 
j30_6_4.rcp | 6.26929E-4 | 13 | 551 | 1 | 0.009985256 | 156 | 551 | 56 | 0.015723594 | 156 | 551 | 56 | 0.008586741 | 156 | 551 | 63 | 
j30_6_5.rcp | 4.66652E-4 | 12 | 369 | 1 | 5.56462E-4 | 12 | 369 | 3 | 6.74225E-4 | 12 | 369 | 3 | 4.52964E-4 | 12 | 369 | 3 | 
j30_6_6.rcp | 5.70183E-4 | 17 | 404 | 3 | 0.002162699 | 40 | 404 | 24 | 0.003064323 | 40 | 404 | 24 | 0.001980308 | 41 | 404 | 26 | 
j30_6_7.rcp | 8.69727E-4 | 29 | 438 | 0 | 0.002398315 | 90 | 438 | 2 | 0.003548305 | 90 | 438 | 2 | 0.002038188 | 90 | 438 | 2 | 
j30_6_8.rcp | 3.73803E-4 | 12 | 327 | 1 | 4.7608E-4 | 12 | 327 | 2 | 6.6087E-4 | 12 | 327 | 2 | 4.35398E-4 | 12 | 327 | 2 | 
j30_6_9.rcp | 0.001845111 | 30 | 363 | 5 | 0.001104399 | 18 | 363 | 11 | 0.001567552 | 18 | 363 | 11 | 0.001093727 | 18 | 363 | 11 | 
j30_6_10.rcp | 0.006570113 | 183 | 341 | 78 | 0.009411977 | 183 | 341 | 82 | 0.013421348 | 183 | 341 | 82 | 0.008509932 | 191 | 341 | 114 | 
j30_7_1.rcp | 3.86811E-4 | 11 | 509 | 0 | 4.64495E-4 | 11 | 509 | 1 | 6.48444E-4 | 11 | 509 | 1 | 4.20375E-4 | 11 | 509 | 1 | 
j30_7_2.rcp | 9.12959E-4 | 41 | 328 | 2 | 0.003030108 | 41 | 328 | 3 | 0.00223013 | 41 | 328 | 3 | 0.001051643 | 41 | 328 | 3 | 
j30_7_3.rcp | 3.62549E-4 | 12 | 309 | 1 | 6.73323E-4 | 12 | 309 | 2 | 4.37243E-4 | 12 | 309 | 2 | 3.70615E-4 | 12 | 309 | 2 | 
j30_7_4.rcp | 4.5451E-4 | 12 | 382 | 0 | 5.22415E-4 | 12 | 382 | 1 | 8.98045E-4 | 12 | 382 | 1 | 9.03096E-4 | 12 | 382 | 1 | 
j30_7_5.rcp | 9.70243E-4 | 16 | 326 | 0 | 0.001589965 | 28 | 326 | 1 | 0.002556166 | 28 | 326 | 1 | 0.001713741 | 28 | 326 | 1 | 
j30_7_6.rcp | 2.79899E-4 | 11 | 378 | 0 | 4.0104E-4 | 11 | 378 | 0 | 4.43945E-4 | 11 | 378 | 0 | 3.07746E-4 | 11 | 378 | 0 | 
j30_7_7.rcp | 4.01952E-4 | 10 | 680 | 0 | 4.47177E-4 | 10 | 680 | 2 | 6.22057E-4 | 10 | 680 | 2 | 6.11039E-4 | 10 | 680 | 2 | 
j30_7_8.rcp | 0.001213033 | 22 | 512 | 3 | 0.001390133 | 22 | 512 | 6 | 0.001616744 | 22 | 512 | 6 | 0.001056363 | 22 | 512 | 7 | 
j30_7_9.rcp | 4.90153E-4 | 12 | 477 | 0 | 4.82463E-4 | 12 | 477 | 0 | 6.2623E-4 | 12 | 477 | 0 | 3.94225E-4 | 12 | 477 | 0 | 
j30_7_10.rcp | 6.50498E-4 | 28 | 285 | 1 | 7.76936E-4 | 28 | 285 | 2 | 0.001077221 | 28 | 285 | 2 | 0.001132908 | 28 | 285 | 2 | 
j30_8_1.rcp | 3.92434E-4 | 11 | 306 | 0 | 4.76963E-4 | 11 | 306 | 2 | 6.5964E-4 | 11 | 306 | 2 | 5.17138E-4 | 11 | 306 | 2 | 
j30_8_2.rcp | 3.24905E-4 | 9 | 455 | 0 | 3.35091E-4 | 9 | 455 | 0 | 4.59331E-4 | 9 | 455 | 0 | 3.2445E-4 | 9 | 455 | 0 | 
j30_8_3.rcp | 3.31274E-4 | 11 | 379 | 0 | 3.74542E-4 | 11 | 379 | 0 | 4.06879E-4 | 11 | 379 | 0 | 2.77584E-4 | 11 | 379 | 0 | 
j30_8_4.rcp | 3.41435E-4 | 11 | 334 | 0 | 4.17615E-4 | 11 | 334 | 2 | 5.50663E-4 | 11 | 334 | 2 | 3.83841E-4 | 11 | 334 | 2 | 
j30_8_5.rcp | 5.17333E-4 | 14 | 476 | 0 | 6.981E-4 | 14 | 476 | 0 | 7.64621E-4 | 14 | 476 | 0 | 5.26275E-4 | 14 | 476 | 0 | 
j30_8_6.rcp | 3.25086E-4 | 13 | 651 | 0 | 6.66427E-4 | 13 | 651 | 0 | 5.94425E-4 | 13 | 651 | 0 | 3.89731E-4 | 13 | 651 | 0 | 
j30_8_7.rcp | 3.92785E-4 | 11 | 362 | 0 | 8.03357E-4 | 11 | 362 | 0 | 0.001535133 | 11 | 362 | 0 | 4.37774E-4 | 11 | 362 | 0 | 
j30_8_8.rcp | 3.81735E-4 | 12 | 478 | 0 | 3.84958E-4 | 12 | 478 | 0 | 5.27759E-4 | 12 | 478 | 0 | 3.66677E-4 | 12 | 478 | 0 | 
j30_8_9.rcp | 4.01383E-4 | 12 | 379 | 0 | 4.00479E-4 | 12 | 379 | 1 | 4.98451E-4 | 12 | 379 | 1 | 3.43296E-4 | 12 | 379 | 1 | 
j30_8_10.rcp | 3.87401E-4 | 13 | 759 | 0 | 5.5689E-4 | 13 | 759 | 0 | 9.05338E-4 | 13 | 759 | 0 | 5.7418E-4 | 13 | 759 | 0 | 
j30_9_1.rcp | 0.05198938 | 728 | 498 | 403 | 0.07094501 | 728 | 498 | 389 | 0.09987491 | 728 | 498 | 389 | 0.06573969 | 726 | 498 | 419 | 
j30_9_2.rcp | 0.56853575 | 6170 | 652 | 9993 | 0.5849561 | 5480 | 652 | 6819 | 0.8005192 | 5480 | 652 | 6819 | 0.69356835 | 6612 | 652 | 8420 | 
j30_9_3.rcp | 0.04829878 | 455 | 377 | 788 | 0.0486604 | 418 | 377 | 559 | 0.07318299 | 418 | 377 | 559 | 0.04634432 | 413 | 377 | 756 | 
j30_9_4.rcp | 3.9158182 | 37699 | 392 | 41956 | 0.7359848 | 5324 | 392 | 5935 | 1.1577085 | 5324 | 392 | 5937 | 57.19618 | 574087 | 392 | 1291871 | 
j30_9_5.rcp | 60.000103 | 945803 | -1 | 615016 | 60.00016 | 769077 | -1 | 511299 | 60.00001 | 519325 | -1 | 352456 | 60.00001 | 947860 | -1 | 512726 | 
j30_9_6.rcp | 8.08896E-4 | 12 | 626 | 4 | 9.81614E-4 | 12 | 626 | 6 | 0.001511391 | 12 | 626 | 6 | 8.55542E-4 | 12 | 626 | 9 | 
j30_9_7.rcp | 0.001489633 | 16 | 607 | 9 | 0.002414672 | 16 | 607 | 20 | 0.003529828 | 16 | 607 | 20 | 0.002324057 | 17 | 607 | 23 | 
j30_9_8.rcp | 0.009032744 | 106 | 435 | 81 | 0.011412326 | 106 | 435 | 131 | 0.017899476 | 106 | 435 | 144 | 0.008618403 | 106 | 435 | 191 | 
j30_9_9.rcp | 0.005711524 | 111 | 532 | 21 | 0.006917573 | 104 | 532 | 22 | 0.00979769 | 104 | 532 | 22 | 0.007148954 | 119 | 532 | 36 | 
j30_9_10.rcp | 0.003000991 | 30 | 674 | 25 | 0.003138249 | 30 | 674 | 34 | 0.005165574 | 30 | 674 | 34 | 0.003093665 | 30 | 674 | 47 | 
j30_10_1.rcp | 6.29194E-4 | 12 | 408 | 0 | 7.08133E-4 | 12 | 408 | 2 | 0.001047246 | 12 | 408 | 2 | 6.50989E-4 | 12 | 408 | 3 | 
j30_10_2.rcp | 6.01088E-4 | 11 | 480 | 0 | 7.14322E-4 | 11 | 480 | 1 | 0.001006554 | 11 | 480 | 1 | 6.96772E-4 | 11 | 480 | 1 | 
j30_10_3.rcp | 4.65981E-4 | 10 | 509 | 0 | 6.03895E-4 | 10 | 509 | 0 | 8.72548E-4 | 10 | 509 | 0 | 5.95451E-4 | 10 | 509 | 0 | 
j30_10_4.rcp | 8.97124E-4 | 13 | 461 | 0 | 0.001601062 | 13 | 461 | 2 | 0.002044533 | 13 | 461 | 2 | 8.99477E-4 | 13 | 461 | 2 | 
j30_10_5.rcp | 0.002760979 | 48 | 308 | 0 | 0.003237981 | 48 | 308 | 5 | 0.004813892 | 48 | 308 | 5 | 0.002783875 | 48 | 308 | 6 | 
j30_10_6.rcp | 6.71083E-4 | 14 | 462 | 0 | 8.17074E-4 | 14 | 462 | 2 | 0.001263401 | 14 | 462 | 2 | 8.30279E-4 | 14 | 462 | 3 | 
j30_10_7.rcp | 7.04426E-4 | 13 | 562 | 0 | 8.30546E-4 | 13 | 562 | 2 | 0.001534046 | 13 | 562 | 2 | 7.70442E-4 | 13 | 562 | 2 | 
j30_10_8.rcp | 7.09278E-4 | 11 | 330 | 0 | 9.11735E-4 | 11 | 330 | 4 | 0.001358314 | 11 | 330 | 4 | 8.70415E-4 | 11 | 330 | 5 | 
j30_10_9.rcp | 0.001205966 | 14 | 335 | 0 | 0.010977237 | 143 | 335 | 2 | 0.018154956 | 143 | 335 | 2 | 0.012824768 | 143 | 335 | 2 | 
j30_10_10.rcp | 7.94795E-4 | 13 | 426 | 0 | 8.85841E-4 | 13 | 426 | 2 | 0.001295111 | 13 | 426 | 2 | 8.35464E-4 | 13 | 426 | 2 | 
j30_11_1.rcp | 5.28679E-4 | 11 | 631 | 1 | 7.07015E-4 | 11 | 631 | 2 | 0.001016435 | 11 | 631 | 2 | 6.12555E-4 | 11 | 631 | 2 | 
j30_11_2.rcp | 0.001716665 | 29 | 380 | 0 | 0.002423763 | 29 | 380 | 3 | 0.00323067 | 29 | 380 | 3 | 0.002006562 | 29 | 380 | 8 | 
j30_11_3.rcp | 6.64774E-4 | 11 | 588 | 0 | 7.90512E-4 | 11 | 588 | 1 | 0.001183023 | 11 | 588 | 1 | 7.33268E-4 | 11 | 588 | 1 | 
j30_11_4.rcp | 5.53588E-4 | 12 | 613 | 0 | 7.2944E-4 | 12 | 613 | 2 | 0.001235158 | 12 | 613 | 2 | 6.1911E-4 | 12 | 613 | 2 | 
j30_11_5.rcp | 8.01882E-4 | 11 | 461 | 1 | 0.001180376 | 11 | 461 | 5 | 0.001733692 | 11 | 461 | 5 | 0.001205642 | 11 | 461 | 7 | 
j30_11_6.rcp | 0.001018409 | 12 | 382 | 0 | 0.001243492 | 12 | 382 | 0 | 0.001698993 | 12 | 382 | 0 | 7.68837E-4 | 12 | 382 | 0 | 
j30_11_7.rcp | 7.95139E-4 | 10 | 427 | 0 | 6.82329E-4 | 10 | 427 | 0 | 9.91556E-4 | 10 | 427 | 0 | 5.41559E-4 | 10 | 427 | 0 | 
j30_11_8.rcp | 60.00003 | 928858 | -1 | 1 | 60.000103 | 743626 | -1 | 2 | 60.00014 | 477565 | -1 | 2 | 60.00006 | 693386 | -1 | 922833 | 
j30_11_9.rcp | 4.11857E-4 | 9 | 508 | 0 | 4.5729E-4 | 9 | 508 | 0 | 6.56444E-4 | 9 | 508 | 0 | 4.41299E-4 | 9 | 508 | 0 | 
j30_11_10.rcp | 7.12315E-4 | 12 | 438 | 0 | 8.85109E-4 | 12 | 438 | 2 | 0.001256542 | 12 | 438 | 2 | 8.51165E-4 | 12 | 438 | 2 | 
j30_12_1.rcp | 5.33497E-4 | 12 | 416 | 0 | 6.46916E-4 | 12 | 416 | 1 | 9.98247E-4 | 12 | 416 | 1 | 6.24531E-4 | 12 | 416 | 1 | 
j30_12_2.rcp | 3.73161E-4 | 12 | 340 | 0 | 4.53046E-4 | 12 | 340 | 0 | 6.41084E-4 | 12 | 340 | 0 | 5.0443E-4 | 12 | 340 | 0 | 
j30_12_3.rcp | 4.64943E-4 | 11 | 305 | 0 | 5.213E-4 | 11 | 305 | 0 | 7.85352E-4 | 11 | 305 | 0 | 4.83899E-4 | 11 | 305 | 0 | 
j30_12_4.rcp | 3.76368E-4 | 11 | 505 | 0 | 4.4769E-4 | 11 | 505 | 0 | 6.32396E-4 | 11 | 505 | 0 | 4.1756E-4 | 11 | 505 | 0 | 
j30_12_5.rcp | 5.27891E-4 | 14 | 276 | 0 | 0.001433382 | 14 | 276 | 1 | 8.49988E-4 | 14 | 276 | 1 | 5.6628E-4 | 14 | 276 | 1 | 
j30_12_6.rcp | 7.99086E-4 | 13 | 270 | 0 | 7.78063E-4 | 13 | 270 | 4 | 0.001169881 | 13 | 270 | 4 | 7.16336E-4 | 13 | 270 | 4 | 
j30_12_7.rcp | 5.37453E-4 | 11 | 266 | 0 | 6.39389E-4 | 11 | 266 | 1 | 9.12516E-4 | 11 | 266 | 1 | 5.94641E-4 | 11 | 266 | 1 | 
j30_12_8.rcp | 6.03319E-4 | 13 | 258 | 0 | 6.19732E-4 | 13 | 258 | 0 | 9.13367E-4 | 13 | 258 | 0 | 5.58934E-4 | 13 | 258 | 0 | 
j30_12_9.rcp | 4.38153E-4 | 11 | 305 | 0 | 6.07779E-4 | 11 | 305 | 1 | 8.09992E-4 | 11 | 305 | 1 | 5.72203E-4 | 11 | 305 | 1 | 
j30_12_10.rcp | 5.35906E-4 | 12 | 334 | 0 | 6.89906E-4 | 12 | 334 | 0 | 8.45732E-4 | 12 | 334 | 0 | 5.52468E-4 | 12 | 334 | 0 | 
j30_13_1.rcp | 60.000034 | 619910 | -1 | 386342 | 60.000107 | 554432 | -1 | 803880 | 60.00007 | 338738 | -1 | 484002 | 60.0001 | 578493 | -1 | 824406 | 
j30_13_2.rcp | 2.4186337 | 14737 | 346 | 6725 | 3.059398 | 15479 | 346 | 16165 | 4.3471546 | 14663 | 346 | 15224 | 2.8073738 | 14018 | 346 | 30864 | 
j30_13_3.rcp | 60.00005 | 343658 | -1 | 440172 | 60.000355 | 234217 | -1 | 284271 | 60.00004 | 159630 | -1 | 243404 | 60.00014 | 200571 | -1 | 330728 | 
j30_13_4.rcp | 60.00005 | 422285 | -1 | 91461 | 60.00017 | 353591 | -1 | 114673 | 60.00023 | 238219 | -1 | 107753 | 60.000423 | 689929 | -1 | 586180 | 
j30_13_5.rcp | 0.001296942 | 12 | 606 | 7 | 0.001431558 | 12 | 606 | 8 | 0.00214838 | 12 | 606 | 8 | 0.001301591 | 12 | 606 | 14 | 
j30_13_6.rcp | 60.00005 | 361410 | -1 | 205731 | 60.00012 | 449609 | -1 | 389169 | 60.000263 | 312077 | -1 | 244728 | 60.000042 | 577533 | -1 | 575464 | 
j30_13_7.rcp | 0.042881623 | 382 | 711 | 99 | 0.05667045 | 382 | 711 | 99 | 0.0816411 | 382 | 711 | 99 | 0.06484613 | 382 | 711 | 122 | 
j30_13_8.rcp | 60.00014 | 542680 | -1 | 907493 | 60.000072 | 546406 | -1 | 689483 | 60.000122 | 374042 | -1 | 461148 | 60.000145 | 579593 | -1 | 722166 | 
j30_13_9.rcp | 5.3390317 | 41142 | 484 | 30732 | 3.999272 | 26378 | 484 | 37400 | 7.588618 | 32661 | 484 | 45917 | 5.142597 | 32661 | 484 | 52995 | 
j30_13_10.rcp | 60.00021 | 446699 | -1 | 209122 | 60.000065 | 521016 | -1 | 328718 | 60.00015 | 335896 | -1 | 206692 | 60.00008 | 624991 | -1 | 992278 | 
j30_14_1.rcp | 9.48423E-4 | 13 | 252 | 0 | 0.001119328 | 13 | 252 | 3 | 0.001731841 | 13 | 252 | 3 | 0.001149328 | 13 | 252 | 3 | 
j30_14_2.rcp | 60.000114 | 617346 | -1 | 59 | 60.000042 | 594131 | -1 | 499 | 60.000195 | 371504 | -1 | 412 | 60.00005 | 500612 | -1 | 583637 | 
j30_14_3.rcp | 0.003593482 | 26 | 392 | 3 | 0.003924111 | 26 | 392 | 18 | 0.005863619 | 26 | 392 | 18 | 0.004892548 | 25 | 392 | 35 | 
j30_14_4.rcp | 0.002821595 | 30 | 313 | 2 | 0.003111643 | 30 | 313 | 8 | 0.005024313 | 30 | 313 | 8 | 0.003211559 | 26 | 313 | 12 | 
j30_14_5.rcp | 0.001049661 | 12 | 410 | 0 | 0.001178174 | 12 | 410 | 1 | 0.001678666 | 12 | 410 | 1 | 0.001222697 | 12 | 410 | 2 | 
j30_14_6.rcp | 7.17215E-4 | 10 | 284 | 0 | 8.59669E-4 | 10 | 284 | 2 | 0.001387231 | 10 | 284 | 2 | 0.001021471 | 10 | 284 | 5 | 
j30_14_7.rcp | 0.001171624 | 12 | 386 | 2 | 0.001262948 | 12 | 386 | 2 | 0.001976342 | 12 | 386 | 4 | 0.001219812 | 12 | 386 | 9 | 
j30_14_8.rcp | 8.55067E-4 | 11 | 532 | 0 | 0.001026531 | 11 | 532 | 2 | 0.001680113 | 11 | 532 | 2 | 9.57212E-4 | 11 | 532 | 3 | 
j30_14_9.rcp | 0.001254054 | 13 | 433 | 2 | 0.001228628 | 13 | 433 | 3 | 0.001830522 | 13 | 433 | 3 | 0.001213944 | 13 | 433 | 4 | 
j30_14_10.rcp | 0.002937484 | 40 | 265 | 2 | 0.003553663 | 40 | 265 | 9 | 0.005692999 | 40 | 265 | 9 | 0.003551859 | 40 | 265 | 13 | 
j30_15_1.rcp | 8.95233E-4 | 12 | 338 | 0 | 0.001041715 | 12 | 338 | 0 | 0.001514454 | 12 | 338 | 0 | 0.001065109 | 12 | 338 | 0 | 
j30_15_2.rcp | 6.18602E-4 | 11 | 481 | 0 | 7.64471E-4 | 11 | 481 | 0 | 0.001131065 | 11 | 481 | 0 | 7.57782E-4 | 11 | 481 | 0 | 
j30_15_3.rcp | 0.001473036 | 12 | 260 | 0 | 0.001471066 | 12 | 260 | 2 | 0.002591983 | 12 | 260 | 2 | 0.001444153 | 12 | 260 | 3 | 
j30_15_4.rcp | 9.99725E-4 | 14 | 253 | 0 | 0.001047292 | 14 | 253 | 2 | 0.001658918 | 14 | 253 | 2 | 0.001093308 | 14 | 253 | 2 | 
j30_15_5.rcp | 0.00114414 | 12 | 588 | 0 | 0.001271787 | 12 | 588 | 1 | 0.001677258 | 12 | 588 | 1 | 0.001089238 | 12 | 588 | 1 | 
j30_15_6.rcp | 7.1116E-4 | 13 | 679 | 0 | 9.11813E-4 | 13 | 679 | 1 | 0.001188143 | 13 | 679 | 1 | 8.15596E-4 | 13 | 679 | 1 | 
j30_15_7.rcp | 0.001105874 | 14 | 302 | 0 | 0.001289915 | 14 | 302 | 2 | 0.001946734 | 14 | 302 | 2 | 0.001337381 | 14 | 302 | 3 | 
j30_15_8.rcp | 7.72201E-4 | 12 | 576 | 0 | 9.41609E-4 | 12 | 576 | 1 | 0.001414851 | 12 | 576 | 1 | 8.69274E-4 | 12 | 576 | 4 | 
j30_15_9.rcp | 0.003680689 | 44 | 333 | 0 | 0.003997282 | 44 | 333 | 4 | 0.006382446 | 44 | 333 | 4 | 0.004074022 | 44 | 333 | 8 | 
j30_15_10.rcp | 6.09328E-4 | 12 | 523 | 0 | 7.33798E-4 | 12 | 523 | 0 | 0.001053576 | 12 | 523 | 0 | 6.5788E-4 | 12 | 523 | 0 | 
j30_16_1.rcp | 9.02781E-4 | 10 | 318 | 0 | 0.00109707 | 10 | 318 | 3 | 0.001600375 | 10 | 318 | 3 | 9.56275E-4 | 10 | 318 | 2 | 
j30_16_2.rcp | 5.53945E-4 | 10 | 510 | 0 | 6.32734E-4 | 10 | 510 | 0 | 9.11503E-4 | 10 | 510 | 0 | 6.44451E-4 | 10 | 510 | 0 | 
j30_16_3.rcp | 7.43357E-4 | 14 | 255 | 0 | 8.34913E-4 | 14 | 255 | 0 | 0.001226656 | 14 | 255 | 0 | 8.31757E-4 | 14 | 255 | 0 | 
j30_16_4.rcp | 6.59675E-4 | 13 | 304 | 0 | 7.67456E-4 | 13 | 304 | 0 | 0.001166556 | 13 | 304 | 0 | 6.97366E-4 | 13 | 304 | 0 | 
j30_16_5.rcp | 7.17696E-4 | 13 | 287 | 0 | 8.18619E-4 | 13 | 287 | 0 | 0.001210648 | 13 | 287 | 0 | 8.07208E-4 | 13 | 287 | 0 | 
j30_16_6.rcp | 8.02556E-4 | 12 | 382 | 0 | 7.7763E-4 | 12 | 382 | 0 | 0.001134313 | 12 | 382 | 0 | 7.17691E-4 | 12 | 382 | 0 | 
j30_16_7.rcp | 6.61008E-4 | 12 | 428 | 0 | 7.6615E-4 | 12 | 428 | 0 | 0.001127128 | 12 | 428 | 0 | 7.84993E-4 | 12 | 428 | 0 | 
j30_16_8.rcp | 6.60434E-4 | 12 | 326 | 0 | 7.16698E-4 | 12 | 326 | 1 | 0.001177691 | 12 | 326 | 1 | 7.47019E-4 | 12 | 326 | 1 | 
j30_16_9.rcp | 5.23061E-4 | 10 | 484 | 0 | 6.19426E-4 | 10 | 484 | 0 | 9.03002E-4 | 10 | 484 | 0 | 5.8924E-4 | 10 | 484 | 0 | 
j30_16_10.rcp | 6.15759E-4 | 12 | 381 | 0 | 7.72202E-4 | 12 | 381 | 0 | 0.001098258 | 12 | 381 | 0 | 8.46353E-4 | 12 | 381 | 0 | 
j30_17_1.rcp | 2.51656E-4 | 13 | 680 | 2 | 1.97543E-4 | 13 | 680 | 6 | 2.5129E-4 | 13 | 680 | 6 | 1.82649E-4 | 13 | 680 | 6 | 
j30_17_2.rcp | 2.31001E-4 | 13 | 589 | 3 | 2.07941E-4 | 13 | 589 | 5 | 2.46501E-4 | 13 | 589 | 5 | 1.90972E-4 | 13 | 589 | 5 | 
j30_17_3.rcp | 1.60388E-4 | 13 | 492 | 1 | 1.84366E-4 | 13 | 492 | 1 | 2.82176E-4 | 13 | 492 | 1 | 1.74244E-4 | 13 | 492 | 1 | 
j30_17_4.rcp | 1.85306E-4 | 11 | 481 | 3 | 1.94392E-4 | 11 | 481 | 5 | 2.54317E-4 | 11 | 481 | 5 | 2.04165E-4 | 11 | 481 | 5 | 
j30_17_5.rcp | 2.22477E-4 | 14 | 409 | 2 | 2.32402E-4 | 14 | 409 | 4 | 3.10261E-4 | 14 | 409 | 4 | 2.27011E-4 | 14 | 409 | 4 | 
j30_17_6.rcp | 1.66204E-4 | 12 | 489 | 3 | 1.62356E-4 | 12 | 489 | 4 | 2.05284E-4 | 12 | 489 | 4 | 1.64179E-4 | 12 | 489 | 4 | 
j30_17_7.rcp | 1.90052E-4 | 12 | 486 | 2 | 1.99818E-4 | 12 | 486 | 5 | 3.18127E-4 | 12 | 486 | 5 | 2.33904E-4 | 12 | 486 | 5 | 
j30_17_8.rcp | 0.001476943 | 101 | 390 | 6 | 0.002770414 | 212 | 390 | 23 | 0.00359338 | 212 | 390 | 23 | 0.003209969 | 212 | 390 | 26 | 
j30_17_9.rcp | 0.001209449 | 87 | 347 | 32 | 0.001253008 | 84 | 347 | 1 | 0.001813767 | 84 | 347 | 1 | 0.001230447 | 84 | 347 | 4 | 
j30_17_10.rcp | 2.55651E-4 | 10 | 409 | 3 | 2.09916E-4 | 10 | 409 | 7 | 2.54066E-4 | 10 | 409 | 7 | 2.00633E-4 | 10 | 409 | 7 | 
j30_18_1.rcp | 1.66594E-4 | 15 | 233 | 2 | 1.88257E-4 | 15 | 233 | 3 | 2.39317E-4 | 15 | 233 | 3 | 2.06575E-4 | 15 | 233 | 3 | 
j30_18_2.rcp | 2.017E-4 | 11 | 407 | 1 | 2.31494E-4 | 11 | 407 | 1 | 3.1232E-4 | 11 | 407 | 1 | 2.99755E-4 | 11 | 407 | 2 | 
j30_18_3.rcp | 2.21326E-4 | 10 | 432 | 1 | 2.2062E-4 | 10 | 432 | 2 | 2.21588E-4 | 10 | 432 | 2 | 1.66598E-4 | 10 | 432 | 2 | 
j30_18_4.rcp | 4.15053E-4 | 21 | 561 | 0 | 6.71279E-4 | 25 | 561 | 4 | 6.4005E-4 | 25 | 561 | 4 | 4.5034E-4 | 25 | 561 | 6 | 
j30_18_5.rcp | 1.74158E-4 | 11 | 504 | 0 | 2.07237E-4 | 11 | 504 | 0 | 2.91766E-4 | 11 | 504 | 0 | 2.60285E-4 | 11 | 504 | 0 | 
j30_18_6.rcp | 1.57301E-4 | 11 | 427 | 0 | 1.79373E-4 | 11 | 427 | 0 | 2.51778E-4 | 11 | 427 | 0 | 1.53823E-4 | 11 | 427 | 0 | 
j30_18_7.rcp | 1.99828E-4 | 12 | 333 | 1 | 2.15815E-4 | 12 | 333 | 3 | 3.05666E-4 | 12 | 333 | 3 | 2.03249E-4 | 12 | 333 | 4 | 
j30_18_8.rcp | 1.42411E-4 | 12 | 310 | 0 | 1.66991E-4 | 12 | 310 | 0 | 1.88757E-4 | 12 | 310 | 0 | 1.50565E-4 | 12 | 310 | 0 | 
j30_18_9.rcp | 4.7119E-4 | 32 | 385 | 12 | 7.59118E-4 | 52 | 385 | 15 | 0.001121627 | 52 | 385 | 15 | 8.96978E-4 | 58 | 385 | 14 | 
j30_18_10.rcp | 2.8426E-4 | 13 | 434 | 3 | 4.45647E-4 | 13 | 434 | 2 | 4.28432E-4 | 13 | 434 | 2 | 2.75853E-4 | 13 | 434 | 4 | 
j30_19_1.rcp | 1.92451E-4 | 12 | 281 | 1 | 1.77276E-4 | 12 | 281 | 2 | 2.26811E-4 | 12 | 281 | 2 | 1.5961E-4 | 12 | 281 | 2 | 
j30_19_2.rcp | 1.52932E-4 | 11 | 606 | 0 | 2.49283E-4 | 11 | 606 | 0 | 2.1415E-4 | 11 | 606 | 0 | 1.61306E-4 | 11 | 606 | 0 | 
j30_19_3.rcp | 2.27214E-4 | 12 | 688 | 2 | 2.27098E-4 | 12 | 688 | 3 | 2.54144E-4 | 12 | 688 | 3 | 2.32882E-4 | 12 | 688 | 3 | 
j30_19_4.rcp | 1.7917E-4 | 12 | 479 | 0 | 1.86658E-4 | 12 | 479 | 1 | 2.27206E-4 | 12 | 479 | 1 | 1.62508E-4 | 12 | 479 | 2 | 
j30_19_5.rcp | 1.99875E-4 | 13 | 310 | 1 | 2.26526E-4 | 13 | 310 | 1 | 2.86285E-4 | 13 | 310 | 1 | 2.20849E-4 | 13 | 310 | 1 | 
j30_19_6.rcp | 1.34157E-4 | 11 | 313 | 0 | 1.49649E-4 | 11 | 313 | 1 | 1.85384E-4 | 11 | 313 | 1 | 1.49061E-4 | 11 | 313 | 1 | 
j30_19_7.rcp | 1.70103E-4 | 13 | 368 | 1 | 0.001178294 | 13 | 368 | 2 | 2.55439E-4 | 13 | 368 | 2 | 2.03084E-4 | 13 | 368 | 2 | 
j30_19_8.rcp | 1.43852E-4 | 13 | 630 | 0 | 1.62658E-4 | 13 | 630 | 0 | 2.12693E-4 | 13 | 630 | 0 | 1.60082E-4 | 13 | 630 | 0 | 
j30_19_9.rcp | 2.07786E-4 | 14 | 340 | 2 | 3.2786E-4 | 14 | 340 | 2 | 3.60511E-4 | 14 | 340 | 2 | 2.62367E-4 | 14 | 340 | 2 | 
j30_19_10.rcp | 2.07745E-4 | 11 | 532 | 1 | 2.28315E-4 | 11 | 532 | 1 | 2.69663E-4 | 11 | 532 | 1 | 2.04225E-4 | 11 | 532 | 1 | 
j30_20_1.rcp | 1.69826E-4 | 14 | 382 | 0 | 2.11882E-4 | 14 | 382 | 0 | 2.26522E-4 | 14 | 382 | 0 | 1.75612E-4 | 14 | 382 | 0 | 
j30_20_2.rcp | 1.76974E-4 | 11 | 475 | 3 | 2.18226E-4 | 11 | 475 | 3 | 2.75662E-4 | 11 | 475 | 4 | 2.86447E-4 | 11 | 475 | 4 | 
j30_20_3.rcp | 1.4477E-4 | 13 | 503 | 0 | 1.60893E-4 | 13 | 503 | 0 | 2.22665E-4 | 13 | 503 | 0 | 2.29141E-4 | 13 | 503 | 0 | 
j30_20_4.rcp | 1.82367E-4 | 12 | 409 | 1 | 2.34899E-4 | 12 | 409 | 1 | 1.97288E-4 | 12 | 409 | 1 | 1.68682E-4 | 12 | 409 | 1 | 
j30_20_5.rcp | 0.001359968 | 45 | 252 | 26 | 0.00204962 | 45 | 252 | 52 | 0.001803404 | 45 | 252 | 52 | 0.001464987 | 45 | 252 | 54 | 
j30_20_6.rcp | 1.78894E-4 | 13 | 311 | 1 | 1.82304E-4 | 13 | 311 | 1 | 2.28765E-4 | 13 | 311 | 1 | 1.94369E-4 | 13 | 311 | 1 | 
j30_20_7.rcp | 1.83013E-4 | 11 | 453 | 0 | 2.39361E-4 | 11 | 453 | 0 | 1.91616E-4 | 11 | 453 | 0 | 2.29962E-4 | 11 | 453 | 0 | 
j30_20_8.rcp | 2.14334E-4 | 12 | 559 | 0 | 1.69275E-4 | 12 | 559 | 0 | 2.09941E-4 | 12 | 559 | 0 | 1.76232E-4 | 12 | 559 | 0 | 
j30_20_9.rcp | 1.31627E-4 | 10 | 286 | 0 | 1.61276E-4 | 10 | 286 | 0 | 1.91175E-4 | 10 | 286 | 0 | 1.44818E-4 | 10 | 286 | 0 | 
j30_20_10.rcp | 1.44599E-4 | 11 | 403 | 0 | 1.53163E-4 | 11 | 403 | 0 | 2.07975E-4 | 11 | 403 | 0 | 1.62923E-4 | 11 | 403 | 0 | 
j30_21_1.rcp | 1.0401454 | 18498 | 705 | 21234 | 1.070808 | 18797 | 705 | 23157 | 1.5025119 | 18797 | 705 | 23157 | 1.0598379 | 18975 | 705 | 23759 | 
j30_21_2.rcp | 0.001072521 | 28 | 284 | 28 | 0.001226993 | 29 | 284 | 29 | 0.001666474 | 29 | 284 | 29 | 0.001236584 | 29 | 284 | 29 | 
j30_21_3.rcp | 0.023539152 | 743 | 762 | 492 | 0.02620096 | 524 | 762 | 267 | 0.036828857 | 524 | 762 | 267 | 0.02654694 | 524 | 762 | 269 | 
j30_21_4.rcp | 0.001180937 | 15 | 385 | 12 | 0.004065587 | 43 | 385 | 33 | 0.005173309 | 43 | 385 | 33 | 0.003290773 | 43 | 385 | 50 | 
j30_21_5.rcp | 6.6176E-4 | 13 | 636 | 4 | 7.49698E-4 | 13 | 636 | 7 | 0.001171425 | 13 | 636 | 7 | 7.31941E-4 | 13 | 636 | 7 | 
j30_21_6.rcp | 7.37478E-4 | 18 | 370 | 13 | 0.00174484 | 24 | 370 | 31 | 0.00223552 | 24 | 370 | 31 | 0.00146987 | 23 | 370 | 30 | 
j30_21_7.rcp | 0.024155764 | 1015 | 586 | 430 | 0.03373974 | 1027 | 586 | 365 | 0.060543448 | 1027 | 586 | 429 | 0.03187514 | 1064 | 586 | 351 | 
j30_21_8.rcp | 60.000008 | 2460418 | -1 | 2823345 | 60.000023 | 1532272 | -1 | 2650632 | 60.000027 | 1085845 | -1 | 1871104 | 60.000023 | 1529559 | -1 | 2940084 | 
j30_21_9.rcp | 0.014460874 | 201 | 425 | 260 | 0.03313425 | 662 | 425 | 456 | 0.045787733 | 662 | 425 | 456 | 0.030439898 | 662 | 425 | 472 | 
j30_21_10.rcp | 0.049871016 | 1025 | 781 | 993 | 0.063861296 | 1025 | 781 | 979 | 0.08026356 | 1025 | 781 | 979 | 0.06415328 | 1025 | 781 | 1048 | 
j30_22_1.rcp | 4.21673E-4 | 11 | 352 | 1 | 4.8813E-4 | 11 | 352 | 5 | 6.73688E-4 | 11 | 352 | 5 | 4.73436E-4 | 11 | 352 | 5 | 
j30_22_2.rcp | 3.22669E-4 | 13 | 309 | 0 | 3.99986E-4 | 13 | 309 | 2 | 5.17065E-4 | 13 | 309 | 2 | 3.5727E-4 | 13 | 309 | 2 | 
j30_22_3.rcp | 2.73709E-4 | 12 | 635 | 0 | 3.40751E-4 | 12 | 635 | 0 | 4.65262E-4 | 12 | 635 | 0 | 3.12772E-4 | 12 | 635 | 0 | 
j30_22_4.rcp | 3.92155E-4 | 12 | 328 | 0 | 3.8629E-4 | 12 | 328 | 1 | 5.34718E-4 | 12 | 328 | 1 | 4.04964E-4 | 12 | 328 | 1 | 
j30_22_5.rcp | 4.35465E-4 | 12 | 320 | 0 | 5.18706E-4 | 12 | 320 | 3 | 6.81582E-4 | 12 | 320 | 3 | 4.23455E-4 | 12 | 320 | 9 | 
j30_22_6.rcp | 0.001364475 | 26 | 507 | 0 | 7.87849E-4 | 26 | 507 | 5 | 0.001074789 | 26 | 507 | 5 | 7.30971E-4 | 26 | 507 | 5 | 
j30_22_7.rcp | 4.09464E-4 | 13 | 334 | 1 | 5.04761E-4 | 13 | 334 | 3 | 6.66116E-4 | 13 | 334 | 3 | 4.46583E-4 | 13 | 334 | 3 | 
j30_22_8.rcp | 2.3696E-4 | 12 | 460 | 0 | 2.85058E-4 | 12 | 460 | 1 | 3.82936E-4 | 12 | 460 | 1 | 2.73763E-4 | 12 | 460 | 1 | 
j30_22_9.rcp | 3.31003E-4 | 13 | 495 | 2 | 3.91305E-4 | 13 | 495 | 3 | 5.24261E-4 | 13 | 495 | 3 | 3.55614E-4 | 13 | 495 | 4 | 
j30_22_10.rcp | 3.45449E-4 | 11 | 409 | 0 | 4.37678E-4 | 11 | 409 | 2 | 5.75746E-4 | 11 | 409 | 2 | 4.03841E-4 | 11 | 409 | 2 | 
j30_23_1.rcp | 3.65577E-4 | 13 | 544 | 0 | 3.83886E-4 | 13 | 544 | 3 | 5.56997E-4 | 13 | 544 | 3 | 3.80567E-4 | 13 | 544 | 3 | 
j30_23_2.rcp | 3.07701E-4 | 14 | 503 | 0 | 3.73151E-4 | 14 | 503 | 0 | 5.12422E-4 | 14 | 503 | 0 | 3.5341E-4 | 14 | 503 | 0 | 
j30_23_3.rcp | 4.8787E-4 | 11 | 385 | 1 | 5.85745E-4 | 11 | 385 | 1 | 7.77505E-4 | 11 | 385 | 1 | 5.27789E-4 | 11 | 385 | 2 | 
j30_23_4.rcp | 6.95488E-4 | 11 | 461 | 5 | 7.46343E-4 | 11 | 461 | 8 | 0.001019336 | 11 | 461 | 8 | 6.99308E-4 | 11 | 461 | 8 | 
j30_23_5.rcp | 4.60398E-4 | 13 | 363 | 1 | 5.62681E-4 | 13 | 363 | 4 | 7.94149E-4 | 13 | 363 | 4 | 5.12848E-4 | 13 | 363 | 4 | 
j30_23_6.rcp | 3.62431E-4 | 11 | 302 | 0 | 4.46828E-4 | 11 | 302 | 1 | 6.30976E-4 | 11 | 302 | 1 | 5.2775E-4 | 11 | 302 | 1 | 
j30_23_7.rcp | 4.7192E-4 | 12 | 535 | 1 | 5.39401E-4 | 12 | 535 | 3 | 7.18349E-4 | 12 | 535 | 3 | 4.86858E-4 | 12 | 535 | 3 | 
j30_23_8.rcp | 2.25775E-4 | 11 | 384 | 0 | 2.70581E-4 | 11 | 384 | 0 | 3.60251E-4 | 11 | 384 | 0 | 2.54479E-4 | 11 | 384 | 0 | 
j30_23_9.rcp | 7.63103E-4 | 21 | 477 | 5 | 0.001159939 | 27 | 477 | 10 | 0.001810946 | 27 | 477 | 10 | 0.001615308 | 34 | 477 | 13 | 
j30_23_10.rcp | 4.02441E-4 | 13 | 518 | 1 | 5.05213E-4 | 13 | 518 | 1 | 6.54497E-4 | 13 | 518 | 1 | 4.39067E-4 | 13 | 518 | 2 | 
j30_24_1.rcp | 3.06238E-4 | 11 | 432 | 0 | 3.75276E-4 | 11 | 432 | 0 | 5.00369E-4 | 11 | 432 | 0 | 3.7225E-4 | 11 | 432 | 0 | 
j30_24_2.rcp | 8.73263E-4 | 31 | 278 | 0 | 0.001137817 | 31 | 278 | 2 | 0.001582815 | 31 | 278 | 2 | 0.001062302 | 31 | 278 | 2 | 
j30_24_3.rcp | 8.14474E-4 | 18 | 458 | 2 | 0.006496911 | 88 | 458 | 6 | 0.008439276 | 88 | 458 | 6 | 0.00528768 | 87 | 458 | 7 | 
j30_24_4.rcp | 4.1144E-4 | 12 | 411 | 0 | 3.55498E-4 | 12 | 411 | 0 | 4.81196E-4 | 12 | 411 | 0 | 3.14695E-4 | 12 | 411 | 0 | 
j30_24_5.rcp | 3.3165E-4 | 12 | 613 | 0 | 3.90172E-4 | 12 | 613 | 1 | 5.78368E-4 | 12 | 613 | 1 | 3.58856E-4 | 12 | 613 | 1 | 
j30_24_6.rcp | 2.69035E-4 | 9 | 465 | 0 | 3.38017E-4 | 9 | 465 | 0 | 5.05701E-4 | 9 | 465 | 0 | 3.0867E-4 | 9 | 465 | 0 | 
j30_24_7.rcp | 3.55232E-4 | 13 | 511 | 0 | 4.3022E-4 | 13 | 511 | 1 | 6.21112E-4 | 13 | 511 | 1 | 4.10445E-4 | 13 | 511 | 1 | 
j30_24_8.rcp | 3.43991E-4 | 12 | 309 | 0 | 4.19543E-4 | 12 | 309 | 0 | 5.28592E-4 | 12 | 309 | 0 | 3.62587E-4 | 12 | 309 | 0 | 
j30_24_9.rcp | 2.78178E-4 | 12 | 508 | 0 | 3.28152E-4 | 12 | 508 | 0 | 4.55623E-4 | 12 | 508 | 0 | 3.85461E-4 | 12 | 508 | 0 | 
j30_24_10.rcp | 5.04684E-4 | 12 | 405 | 0 | 4.32038E-4 | 12 | 405 | 0 | 5.75969E-4 | 12 | 405 | 0 | 3.48454E-4 | 12 | 405 | 0 | 
j30_25_1.rcp | 60.000698 | 804460 | -1 | 544553 | 60.000053 | 806146 | -1 | 99138 | 60.000053 | 521440 | -1 | 305962 | 60.00004 | 1018243 | -1 | 930367 | 
j30_25_2.rcp | 60.000027 | 1081999 | -1 | 731390 | 60.00002 | 1041564 | -1 | 1007451 | 60.000015 | 677485 | -1 | 771041 | 60.000046 | 1363528 | -1 | 1290386 | 
j30_25_3.rcp | 60.00001 | 1272965 | -1 | 1150817 | 60.0001 | 744745 | -1 | 1127423 | 60.000008 | 459285 | -1 | 801947 | 60.000023 | 676679 | -1 | 873414 | 
j30_25_4.rcp | 0.07763067 | 826 | 574 | 1195 | 0.1514391 | 1222 | 574 | 1553 | 0.21391365 | 1222 | 574 | 1553 | 0.1495146 | 1222 | 574 | 1628 | 
j30_25_5.rcp | 43.043728 | 274896 | 720 | 498480 | 58.004227 | 421934 | 720 | 961327 | 60.000275 | 293408 | -1 | 731375 | 60.000317 | 435407 | -1 | 1081551 | 
j30_25_6.rcp | 60.00012 | 590878 | -1 | 345042 | 60.000126 | 416522 | -1 | 405948 | 60.00012 | 307407 | -1 | 305825 | 60.00006 | 504641 | -1 | 534442 | 
j30_25_7.rcp | 12.8155575 | 95824 | 762 | 71020 | 7.5577383 | 43263 | 762 | 30043 | 10.404398 | 43263 | 762 | 30049 | 1.9719435 | 15677 | 762 | 16925 | 
j30_25_8.rcp | 60.00002 | 770003 | -1 | 1122048 | 60.000053 | 448226 | -1 | 928833 | 60.000053 | 302102 | -1 | 405218 | 60.000072 | 629076 | -1 | 1357520 | 
j30_25_9.rcp | 0.19827557 | 2327 | 585 | 747 | 1.2104038 | 9241 | 585 | 4323 | 1.6580217 | 9241 | 585 | 5913 | 0.61495477 | 4995 | 585 | 4390 | 
j30_25_10.rcp | 0.010842957 | 105 | 407 | 65 | 0.009951655 | 104 | 407 | 58 | 0.013758706 | 104 | 407 | 57 | 0.007316138 | 104 | 407 | 99 | 
j30_26_1.rcp | 0.003891188 | 67 | 413 | 5 | 0.003079972 | 34 | 413 | 12 | 0.004435244 | 34 | 413 | 12 | 0.012267636 | 176 | 413 | 149 | 
j30_26_2.rcp | 5.01455E-4 | 11 | 353 | 0 | 5.85841E-4 | 11 | 353 | 2 | 8.56464E-4 | 11 | 353 | 2 | 5.7278E-4 | 11 | 353 | 2 | 
j30_26_3.rcp | 6.42764E-4 | 10 | 738 | 0 | 6.55405E-4 | 10 | 738 | 4 | 9.51238E-4 | 10 | 738 | 4 | 5.91156E-4 | 10 | 738 | 5 | 
j30_26_4.rcp | 5.85081E-4 | 13 | 421 | 0 | 7.14985E-4 | 13 | 421 | 0 | 0.002017889 | 13 | 421 | 0 | 6.81458E-4 | 13 | 421 | 1 | 
j30_26_5.rcp | 8.85138E-4 | 12 | 436 | 2 | 0.001063924 | 12 | 436 | 4 | 0.001488563 | 12 | 436 | 4 | 9.67762E-4 | 12 | 436 | 6 | 
j30_26_6.rcp | 0.072592035 | 723 | 436 | 7 | 0.07676389 | 723 | 436 | 41 | 0.11148779 | 723 | 436 | 41 | 0.05827687 | 723 | 436 | 374 | 
j30_26_7.rcp | 9.09515E-4 | 13 | 464 | 1 | 9.08755E-4 | 13 | 464 | 2 | 0.001344426 | 13 | 464 | 2 | 8.95279E-4 | 13 | 464 | 2 | 
j30_26_8.rcp | 0.027102068 | 286 | 216 | 142 | 0.024611048 | 308 | 216 | 203 | 0.039733183 | 308 | 216 | 203 | 0.024989499 | 308 | 216 | 207 | 
j30_26_9.rcp | 60.00004 | 1006297 | -1 | 2 | 44.045975 | 767522 | 387 | 91408 | 60.000103 | 635539 | -1 | 75252 | 60.000034 | 864803 | -1 | 692886 | 
j30_26_10.rcp | 20.104057 | 132739 | 534 | 0 | 35.987785 | 264506 | 534 | 210776 | 53.86142 | 264506 | 534 | 210776 | 34.25949 | 264506 | 534 | 263072 | 
j30_27_1.rcp | 7.881E-4 | 11 | 354 | 3 | 8.60656E-4 | 11 | 354 | 5 | 0.001285951 | 11 | 354 | 5 | 7.25421E-4 | 11 | 354 | 8 | 
j30_27_2.rcp | 4.53218E-4 | 11 | 615 | 0 | 5.50154E-4 | 11 | 615 | 0 | 7.63221E-4 | 11 | 615 | 0 | 5.49037E-4 | 11 | 615 | 0 | 
j30_27_3.rcp | 6.74373E-4 | 11 | 276 | 0 | 0.001684871 | 11 | 276 | 3 | 0.001186591 | 11 | 276 | 3 | 8.59636E-4 | 11 | 276 | 3 | 
j30_27_4.rcp | 60.000042 | 895825 | -1 | 209903 | 60.000053 | 701964 | -1 | 166866 | 60.00018 | 443825 | -1 | 101762 | 60.00004 | 723704 | -1 | 213421 | 
j30_27_5.rcp | 5.27088E-4 | 12 | 459 | 0 | 6.26543E-4 | 12 | 459 | 1 | 9.0722E-4 | 12 | 459 | 1 | 5.95753E-4 | 12 | 459 | 1 | 
j30_27_6.rcp | 5.6115E-4 | 12 | 505 | 1 | 6.36066E-4 | 12 | 505 | 2 | 9.30793E-4 | 12 | 505 | 2 | 5.99383E-4 | 12 | 505 | 2 | 
j30_27_7.rcp | 5.46912E-4 | 11 | 360 | 0 | 7.35435E-4 | 11 | 360 | 2 | 0.001072504 | 11 | 360 | 2 | 6.54684E-4 | 11 | 360 | 3 | 
j30_27_8.rcp | 7.48393E-4 | 11 | 412 | 1 | 8.94562E-4 | 11 | 412 | 3 | 0.001292823 | 11 | 412 | 3 | 8.30599E-4 | 11 | 412 | 3 | 
j30_27_9.rcp | 5.31124E-4 | 12 | 417 | 0 | 6.24645E-4 | 12 | 417 | 1 | 9.27137E-4 | 12 | 417 | 1 | 6.24965E-4 | 12 | 417 | 1 | 
j30_27_10.rcp | 9.48059E-4 | 13 | 361 | 0 | 9.52278E-4 | 13 | 361 | 2 | 0.001411854 | 13 | 361 | 2 | 8.68458E-4 | 13 | 361 | 3 | 
j30_28_1.rcp | 5.4703E-4 | 13 | 347 | 0 | 6.28545E-4 | 13 | 347 | 0 | 9.2512E-4 | 13 | 347 | 0 | 5.71766E-4 | 13 | 347 | 0 | 
j30_28_2.rcp | 4.41693E-4 | 10 | 371 | 0 | 5.77512E-4 | 10 | 371 | 0 | 7.98642E-4 | 10 | 371 | 0 | 5.26665E-4 | 10 | 371 | 0 | 
j30_28_3.rcp | 5.48171E-4 | 11 | 402 | 0 | 6.66043E-4 | 11 | 402 | 1 | 9.81425E-4 | 11 | 402 | 1 | 6.24332E-4 | 11 | 402 | 1 | 
j30_28_4.rcp | 5.41091E-4 | 13 | 314 | 0 | 6.15138E-4 | 13 | 314 | 1 | 9.05949E-4 | 13 | 314 | 1 | 5.4202E-4 | 13 | 314 | 1 | 
j30_28_5.rcp | 5.29428E-4 | 12 | 439 | 0 | 6.16076E-4 | 12 | 439 | 1 | 0.002011621 | 12 | 439 | 1 | 6.05516E-4 | 12 | 439 | 1 | 
j30_28_6.rcp | 5.04212E-4 | 12 | 446 | 0 | 6.03836E-4 | 12 | 446 | 0 | 8.89969E-4 | 12 | 446 | 0 | 6.10441E-4 | 12 | 446 | 0 | 
j30_28_7.rcp | 5.26716E-4 | 13 | 311 | 0 | 6.54676E-4 | 13 | 311 | 0 | 9.40112E-4 | 13 | 311 | 0 | 6.25278E-4 | 13 | 311 | 0 | 
j30_28_8.rcp | 5.15592E-4 | 13 | 727 | 0 | 6.33118E-4 | 13 | 727 | 0 | 9.05516E-4 | 13 | 727 | 0 | 5.79076E-4 | 13 | 727 | 0 | 
j30_28_9.rcp | 4.95428E-4 | 11 | 532 | 0 | 5.98518E-4 | 11 | 532 | 0 | 0.0011069 | 11 | 532 | 0 | 8.54741E-4 | 11 | 532 | 2 | 
j30_28_10.rcp | 5.34021E-4 | 12 | 533 | 0 | 7.01328E-4 | 12 | 533 | 0 | 9.76735E-4 | 12 | 533 | 0 | 5.64531E-4 | 12 | 533 | 0 | 
j30_29_1.rcp | 60.00024 | 438249 | -1 | 153523 | 60.00009 | 623660 | -1 | 276660 | 60.000008 | 437627 | -1 | 203644 | 60.00007 | 561354 | -1 | 174846 | 
j30_29_2.rcp | 0.00729739 | 116 | 620 | 23 | 0.011235561 | 82 | 620 | 113 | 0.016243204 | 82 | 620 | 113 | 0.011793387 | 82 | 620 | 120 | 
j30_29_3.rcp | 60.000084 | 606361 | -1 | 310865 | 60.000034 | 548752 | -1 | 678162 | 60.00007 | 385368 | -1 | 536847 | 60.00013 | 355565 | -1 | 761877 | 
j30_29_4.rcp | 4.0930343 | 38262 | 679 | 21510 | 4.180489 | 28328 | 679 | 19093 | 6.1275315 | 28328 | 679 | 19633 | 3.662805 | 28328 | 679 | 18991 | 
j30_29_5.rcp | 60.000195 | 384767 | -1 | 436056 | 60.000206 | 587164 | -1 | 207669 | 60.00018 | 495306 | -1 | 176407 | 60.00012 | 502479 | -1 | 24619 | 
j30_29_6.rcp | 60.000217 | 386609 | -1 | 329282 | 60.00025 | 296386 | -1 | 398295 | 60.000046 | 200433 | -1 | 266062 | 0.07104723 | 342 | 466 | 287 | 
j30_29_7.rcp | 0.001220207 | 12 | 487 | 4 | 0.001290314 | 12 | 487 | 7 | 0.001943354 | 12 | 487 | 7 | 0.001157824 | 12 | 487 | 13 | 
j30_29_8.rcp | 60.00014 | 529303 | -1 | 203564 | 60.00002 | 500757 | -1 | 328174 | 60.000282 | 330456 | -1 | 210741 | 60.00004 | 466440 | -1 | 594388 | 
j30_29_9.rcp | 60.000053 | 579182 | -1 | 388961 | 60.000343 | 403956 | -1 | 508676 | 60.00005 | 276319 | -1 | 339441 | 60.000294 | 459277 | -1 | 294464 | 
j30_29_10.rcp | 0.034429755 | 362 | 376 | 90 | 0.02600614 | 228 | 376 | 119 | 0.0338013 | 228 | 376 | 56 | 0.025751658 | 228 | 376 | 50 | 
j30_30_1.rcp | 0.001465672 | 13 | 260 | 0 | 0.001596784 | 13 | 260 | 3 | 0.002569749 | 13 | 260 | 3 | 0.001688749 | 13 | 260 | 3 | 
j30_30_2.rcp | 0.001589588 | 22 | 535 | 5 | 0.006428591 | 23 | 535 | 7 | 0.010684461 | 23 | 535 | 7 | 0.001698361 | 23 | 535 | 12 | 
j30_30_3.rcp | 0.004043058 | 42 | 431 | 1 | 0.004541642 | 42 | 431 | 6 | 0.00737742 | 42 | 431 | 6 | 0.004316858 | 42 | 431 | 20 | 
j30_30_4.rcp | 8.27734E-4 | 14 | 331 | 0 | 0.001046242 | 14 | 331 | 2 | 0.001521385 | 14 | 331 | 2 | 9.38712E-4 | 14 | 331 | 2 | 
j30_30_5.rcp | 9.89455E-4 | 12 | 384 | 0 | 0.001130002 | 12 | 384 | 2 | 0.00296222 | 12 | 384 | 2 | 0.001415485 | 12 | 384 | 5 | 
j30_30_6.rcp | 0.018492851 | 211 | 376 | 32 | 0.9164559 | 4194 | 376 | 3554 | 1.361127 | 4194 | 376 | 3554 | 0.9660163 | 11798 | 376 | 15105 | 
j30_30_7.rcp | 0.002063542 | 27 | 615 | 0 | 0.002303524 | 27 | 615 | 6 | 0.003354026 | 27 | 615 | 6 | 0.002075957 | 27 | 615 | 8 | 
j30_30_8.rcp | 0.002170059 | 26 | 301 | 0 | 0.002482722 | 26 | 301 | 4 | 0.003983608 | 26 | 301 | 4 | 0.002498058 | 26 | 301 | 4 | 
j30_30_9.rcp | 6.52795E-4 | 11 | 377 | 0 | 7.22331E-4 | 11 | 377 | 1 | 0.001068876 | 11 | 377 | 1 | 7.54622E-4 | 11 | 377 | 1 | 
j30_30_10.rcp | 8.60765E-4 | 10 | 708 | 0 | 9.55633E-4 | 10 | 708 | 1 | 0.001449402 | 10 | 708 | 1 | 8.06299E-4 | 10 | 708 | 3 | 
j30_31_1.rcp | 7.61524E-4 | 13 | 357 | 0 | 9.03427E-4 | 13 | 357 | 2 | 0.001384958 | 13 | 357 | 2 | 9.39888E-4 | 13 | 357 | 2 | 
j30_31_2.rcp | 9.20987E-4 | 14 | 301 | 0 | 0.001209195 | 14 | 301 | 0 | 0.001628219 | 14 | 301 | 0 | 0.001088035 | 14 | 301 | 0 | 
j30_31_3.rcp | 0.00188613 | 11 | 460 | 0 | 9.69104E-4 | 11 | 460 | 1 | 0.001402323 | 11 | 460 | 1 | 0.001023991 | 11 | 460 | 2 | 
j30_31_4.rcp | 6.46429E-4 | 12 | 242 | 0 | 7.38749E-4 | 12 | 242 | 0 | 0.001149879 | 12 | 242 | 0 | 7.66366E-4 | 12 | 242 | 0 | 
j30_31_5.rcp | 60.000088 | 749576 | -1 | 805 | 60.000065 | 671142 | -1 | 9523 | 60.00003 | 453075 | -1 | 8147 | 0.15782526 | 1415 | 334 | 1007 | 
j30_31_6.rcp | 8.89433E-4 | 11 | 428 | 0 | 9.41374E-4 | 11 | 428 | 1 | 0.001381064 | 11 | 428 | 1 | 8.64458E-4 | 11 | 428 | 3 | 
j30_31_7.rcp | 6.99083E-4 | 12 | 785 | 0 | 8.37761E-4 | 12 | 785 | 1 | 0.001223901 | 12 | 785 | 1 | 8.84416E-4 | 12 | 785 | 2 | 
j30_31_8.rcp | 8.00727E-4 | 11 | 546 | 1 | 8.5003E-4 | 11 | 546 | 4 | 0.001271231 | 11 | 546 | 4 | 8.71726E-4 | 11 | 546 | 4 | 
j30_31_9.rcp | 7.98477E-4 | 11 | 415 | 0 | 8.87378E-4 | 11 | 415 | 3 | 0.001287033 | 11 | 415 | 3 | 8.47877E-4 | 11 | 415 | 4 | 
j30_31_10.rcp | 8.20153E-4 | 12 | 427 | 0 | 9.55839E-4 | 12 | 427 | 2 | 0.001418669 | 12 | 427 | 2 | 9.73165E-4 | 12 | 427 | 2 | 
j30_32_1.rcp | 8.92205E-4 | 14 | 434 | 0 | 9.82907E-4 | 14 | 434 | 1 | 0.001467936 | 14 | 434 | 1 | 9.90773E-4 | 14 | 434 | 1 | 
j30_32_2.rcp | 6.44974E-4 | 11 | 710 | 0 | 7.53422E-4 | 11 | 710 | 0 | 0.001104704 | 11 | 710 | 0 | 7.88052E-4 | 11 | 710 | 0 | 
j30_32_3.rcp | 9.52894E-4 | 13 | 260 | 0 | 0.00100608 | 13 | 260 | 0 | 0.001383547 | 13 | 260 | 0 | 8.85006E-4 | 13 | 260 | 0 | 
j30_32_4.rcp | 9.90539E-4 | 14 | 670 | 0 | 0.001134219 | 14 | 670 | 0 | 0.001658101 | 14 | 670 | 0 | 0.001062813 | 14 | 670 | 0 | 
j30_32_5.rcp | 8.35606E-4 | 11 | 486 | 0 | 8.8257E-4 | 11 | 486 | 0 | 0.001620138 | 11 | 486 | 0 | 8.71055E-4 | 11 | 486 | 0 | 
j30_32_6.rcp | 6.54907E-4 | 11 | 216 | 0 | 7.37003E-4 | 11 | 216 | 0 | 0.001124518 | 11 | 216 | 0 | 7.01892E-4 | 11 | 216 | 0 | 
j30_32_7.rcp | 0.001809326 | 14 | 278 | 0 | 9.34315E-4 | 14 | 278 | 0 | 0.001334479 | 14 | 278 | 0 | 8.85403E-4 | 14 | 278 | 0 | 
j30_32_8.rcp | 7.70062E-4 | 12 | 360 | 0 | 8.30397E-4 | 12 | 360 | 0 | 0.001424146 | 12 | 360 | 0 | 9.0291E-4 | 12 | 360 | 0 | 
j30_32_9.rcp | 0.001217 | 12 | 541 | 0 | 9.85305E-4 | 12 | 541 | 0 | 0.001219338 | 12 | 541 | 0 | 7.60636E-4 | 12 | 541 | 0 | 
j30_32_10.rcp | 7.46433E-4 | 12 | 465 | 0 | 8.26369E-4 | 12 | 465 | 0 | 0.001230582 | 12 | 465 | 0 | 7.75252E-4 | 12 | 465 | 0 | 
j30_33_1.rcp | 5.68966E-4 | 30 | 514 | 7 | 0.002869427 | 111 | 514 | 56 | 0.003973454 | 111 | 514 | 56 | 0.002556792 | 111 | 514 | 50 | 
j30_33_2.rcp | 0.0016805 | 86 | 493 | 17 | 0.002093105 | 86 | 493 | 29 | 0.002789757 | 86 | 493 | 29 | 0.002116161 | 86 | 493 | 29 | 
j30_33_3.rcp | 0.003355435 | 211 | 505 | 43 | 0.003369743 | 211 | 505 | 31 | 0.004104355 | 211 | 505 | 31 | 0.003150955 | 211 | 505 | 23 | 
j30_33_4.rcp | 0.018920353 | 1243 | 528 | 365 | 0.011684646 | 811 | 528 | 473 | 0.013566031 | 811 | 528 | 473 | 0.011572865 | 811 | 528 | 602 | 
j30_33_5.rcp | 0.001443085 | 109 | 329 | 36 | 8.0904E-4 | 61 | 329 | 6 | 0.001142219 | 61 | 329 | 6 | 7.94197E-4 | 61 | 329 | 6 | 
j30_33_6.rcp | 0.33790743 | 13392 | 660 | 8737 | 0.17317815 | 13392 | 660 | 2591 | 0.2251038 | 13392 | 660 | 2591 | 0.16846424 | 13392 | 660 | 2600 | 
j30_33_7.rcp | 6.19942E-4 | 28 | 497 | 2 | 7.63055E-4 | 28 | 497 | 3 | 9.05729E-4 | 28 | 497 | 3 | 7.0303E-4 | 28 | 497 | 5 | 
j30_33_8.rcp | 7.14788E-4 | 46 | 386 | 11 | 0.006263992 | 260 | 386 | 8 | 0.00719959 | 260 | 386 | 8 | 0.007271103 | 260 | 386 | 8 | 
j30_33_9.rcp | 0.026098274 | 1372 | 370 | 377 | 0.002034459 | 148 | 370 | 42 | 0.002655848 | 148 | 370 | 42 | 0.001968123 | 148 | 370 | 45 | 
j30_33_10.rcp | 1.55439E-4 | 13 | 357 | 2 | 1.74386E-4 | 13 | 357 | 2 | 2.13869E-4 | 13 | 357 | 2 | 1.70926E-4 | 13 | 357 | 2 | 
j30_34_1.rcp | 2.00755E-4 | 10 | 467 | 4 | 1.89744E-4 | 10 | 467 | 6 | 2.41177E-4 | 10 | 467 | 6 | 1.86331E-4 | 10 | 467 | 6 | 
j30_34_2.rcp | 1.67094E-4 | 11 | 278 | 1 | 1.83775E-4 | 11 | 278 | 3 | 2.3976E-4 | 11 | 278 | 3 | 1.90198E-4 | 11 | 278 | 3 | 
j30_34_3.rcp | 1.55345E-4 | 12 | 493 | 2 | 1.804E-4 | 12 | 493 | 2 | 2.15997E-4 | 12 | 493 | 2 | 1.90882E-4 | 12 | 493 | 2 | 
j30_34_4.rcp | 3.28112E-4 | 16 | 463 | 6 | 2.76942E-4 | 13 | 463 | 5 | 3.53627E-4 | 13 | 463 | 5 | 2.68827E-4 | 13 | 463 | 5 | 
j30_34_5.rcp | 1.47426E-4 | 13 | 513 | 1 | 1.68156E-4 | 13 | 513 | 1 | 2.13808E-4 | 13 | 513 | 1 | 1.65903E-4 | 13 | 513 | 1 | 
j30_34_6.rcp | 1.61555E-4 | 14 | 493 | 2 | 1.81392E-4 | 14 | 493 | 3 | 2.25318E-4 | 14 | 493 | 3 | 1.87976E-4 | 14 | 493 | 3 | 
j30_34_7.rcp | 2.32809E-4 | 12 | 344 | 5 | 3.01598E-4 | 12 | 344 | 6 | 3.56379E-4 | 12 | 344 | 6 | 3.23238E-4 | 12 | 344 | 6 | 
j30_34_8.rcp | 1.40412E-4 | 10 | 403 | 0 | 1.56862E-4 | 10 | 403 | 0 | 1.96887E-4 | 10 | 403 | 0 | 1.57422E-4 | 10 | 403 | 0 | 
j30_34_9.rcp | 7.1881E-4 | 41 | 261 | 47 | 7.79316E-4 | 41 | 261 | 82 | 0.001048625 | 41 | 261 | 82 | 8.11253E-4 | 41 | 261 | 82 | 
j30_34_10.rcp | 1.75667E-4 | 13 | 416 | 1 | 1.88605E-4 | 13 | 416 | 1 | 2.34911E-4 | 13 | 416 | 1 | 1.78669E-4 | 13 | 416 | 2 | 
j30_35_1.rcp | 1.7669E-4 | 14 | 264 | 1 | 1.98201E-4 | 14 | 264 | 1 | 2.49008E-4 | 14 | 264 | 1 | 1.91615E-4 | 14 | 264 | 1 | 
j30_35_2.rcp | 4.09061E-4 | 29 | 504 | 3 | 0.001207043 | 54 | 504 | 2 | 0.001460236 | 54 | 504 | 2 | 0.001114401 | 54 | 504 | 2 | 
j30_35_3.rcp | 1.65763E-4 | 13 | 589 | 1 | 1.87589E-4 | 13 | 589 | 3 | 2.4258E-4 | 13 | 589 | 3 | 1.8712E-4 | 13 | 589 | 3 | 
j30_35_4.rcp | 1.44123E-4 | 11 | 255 | 1 | 1.61004E-4 | 11 | 255 | 2 | 2.01018E-4 | 11 | 255 | 2 | 1.64009E-4 | 11 | 255 | 2 | 
j30_35_5.rcp | 1.53931E-4 | 11 | 556 | 0 | 1.73881E-4 | 11 | 556 | 1 | 2.22312E-4 | 11 | 556 | 1 | 1.68068E-4 | 11 | 556 | 1 | 
j30_35_6.rcp | 1.5069E-4 | 12 | 284 | 1 | 1.58206E-4 | 12 | 284 | 1 | 2.0571E-4 | 12 | 284 | 1 | 1.51621E-4 | 12 | 284 | 2 | 
j30_35_7.rcp | 2.48443E-4 | 16 | 438 | 1 | 0.001909097 | 113 | 438 | 2 | 0.002596478 | 113 | 438 | 2 | 0.001997632 | 113 | 438 | 2 | 
j30_35_8.rcp | 3.36901E-4 | 17 | 683 | 0 | 2.35911E-4 | 13 | 683 | 4 | 3.1929E-4 | 13 | 683 | 4 | 2.27139E-4 | 13 | 683 | 4 | 
j30_35_9.rcp | 1.51504E-4 | 12 | 502 | 1 | 1.65556E-4 | 12 | 502 | 1 | 2.02193E-4 | 12 | 502 | 1 | 1.64502E-4 | 12 | 502 | 1 | 
j30_35_10.rcp | 1.48735E-4 | 14 | 430 | 0 | 1.6675E-4 | 14 | 430 | 0 | 2.11824E-4 | 14 | 430 | 0 | 1.6441E-4 | 14 | 430 | 0 | 
j30_36_1.rcp | 1.63873E-4 | 13 | 509 | 1 | 1.89929E-4 | 13 | 509 | 1 | 2.37778E-4 | 13 | 509 | 1 | 1.88299E-4 | 13 | 509 | 1 | 
j30_36_2.rcp | 1.50601E-4 | 12 | 403 | 0 | 1.52509E-4 | 12 | 403 | 0 | 1.99206E-4 | 12 | 403 | 0 | 1.48945E-4 | 12 | 403 | 0 | 
j30_36_3.rcp | 1.78107E-4 | 12 | 710 | 0 | 2.1986E-4 | 12 | 710 | 0 | 2.57272E-4 | 12 | 710 | 0 | 1.95618E-4 | 12 | 710 | 0 | 
j30_36_4.rcp | 1.28325E-4 | 12 | 438 | 1 | 1.47571E-4 | 12 | 438 | 1 | 1.80261E-4 | 12 | 438 | 1 | 1.55985E-4 | 12 | 438 | 1 | 
j30_36_5.rcp | 1.53223E-4 | 12 | 436 | 0 | 1.72452E-4 | 12 | 436 | 0 | 2.18607E-4 | 12 | 436 | 0 | 1.60977E-4 | 12 | 436 | 0 | 
j30_36_6.rcp | 1.33906E-4 | 11 | 458 | 2 | 1.71333E-4 | 11 | 458 | 2 | 2.11069E-4 | 11 | 458 | 2 | 1.51348E-4 | 11 | 458 | 2 | 
j30_36_7.rcp | 1.33702E-4 | 11 | 290 | 0 | 1.49469E-4 | 11 | 290 | 0 | 1.86671E-4 | 11 | 290 | 0 | 1.44811E-4 | 11 | 290 | 0 | 
j30_36_8.rcp | 1.68417E-4 | 13 | 435 | 1 | 1.7997E-4 | 13 | 435 | 3 | 2.28956E-4 | 13 | 435 | 3 | 1.72186E-4 | 13 | 435 | 3 | 
j30_36_9.rcp | 1.43249E-4 | 12 | 560 | 0 | 1.64909E-4 | 12 | 560 | 0 | 2.10699E-4 | 12 | 560 | 0 | 1.7237E-4 | 12 | 560 | 0 | 
j30_36_10.rcp | 1.45636E-4 | 12 | 410 | 1 | 1.54966E-4 | 12 | 410 | 2 | 1.94365E-4 | 12 | 410 | 2 | 1.52507E-4 | 12 | 410 | 2 | 
j30_37_1.rcp | 0.011239113 | 143 | 421 | 121 | 0.01019611 | 145 | 421 | 120 | 0.013890364 | 145 | 421 | 120 | 0.009391612 | 145 | 421 | 133 | 
j30_37_2.rcp | 7.85096E-4 | 26 | 243 | 11 | 9.83619E-4 | 26 | 243 | 13 | 0.00241022 | 26 | 243 | 15 | 8.37552E-4 | 26 | 243 | 17 | 
j30_37_3.rcp | 0.01562221 | 391 | 742 | 150 | 0.02179243 | 391 | 742 | 200 | 0.030044068 | 391 | 742 | 200 | 0.01731674 | 370 | 742 | 193 | 
j30_37_4.rcp | 4.61083E-4 | 13 | 507 | 2 | 4.61623E-4 | 13 | 507 | 6 | 6.50509E-4 | 13 | 507 | 6 | 4.83474E-4 | 13 | 507 | 6 | 
j30_37_5.rcp | 0.002331374 | 40 | 702 | 56 | 0.00645875 | 134 | 702 | 193 | 0.008593582 | 134 | 702 | 193 | 0.005857103 | 122 | 702 | 148 | 
j30_37_6.rcp | 2.2568104 | 59996 | 763 | 38963 | 8.520568 | 161870 | 763 | 135453 | 11.9906435 | 161870 | 763 | 135453 | 7.766859 | 155570 | 763 | 141292 | 
j30_37_7.rcp | 0.15599522 | 2893 | 679 | 2267 | 0.23529857 | 4475 | 679 | 4189 | 0.31623572 | 4475 | 679 | 4168 | 2.6858978 | 64968 | 679 | 48217 | 
j30_37_8.rcp | 60.00002 | 1923162 | -1 | 2571223 | 60.00005 | 1355599 | -1 | 2072420 | 60.00007 | 1035921 | -1 | 1579861 | 60.000053 | 1354476 | -1 | 2491562 | 
j30_37_9.rcp | 0.001570217 | 31 | 736 | 21 | 0.001549299 | 29 | 736 | 25 | 0.002114847 | 29 | 736 | 25 | 0.00164798 | 29 | 736 | 25 | 
j30_37_10.rcp | 8.94863E-4 | 13 | 609 | 8 | 9.73331E-4 | 13 | 609 | 18 | 0.001196699 | 13 | 609 | 18 | 7.38306E-4 | 13 | 609 | 20 | 
j30_38_1.rcp | 3.8277E-4 | 15 | 301 | 2 | 4.34797E-4 | 15 | 301 | 2 | 5.91379E-4 | 15 | 301 | 2 | 4.01671E-4 | 15 | 301 | 2 | 
j30_38_2.rcp | 3.05153E-4 | 12 | 336 | 0 | 3.75198E-4 | 12 | 336 | 0 | 5.35306E-4 | 12 | 336 | 0 | 3.47332E-4 | 12 | 336 | 0 | 
j30_38_3.rcp | 0.006005366 | 233 | 513 | 17 | 0.008783634 | 233 | 513 | 126 | 0.013239234 | 233 | 513 | 126 | 0.008678025 | 238 | 513 | 138 | 
j30_38_4.rcp | 4.82439E-4 | 11 | 403 | 0 | 5.36045E-4 | 11 | 403 | 0 | 6.84521E-4 | 11 | 403 | 0 | 5.3613E-4 | 11 | 403 | 1 | 
j30_38_5.rcp | 3.47541E-4 | 12 | 659 | 0 | 3.07587E-4 | 12 | 659 | 2 | 4.31681E-4 | 12 | 659 | 2 | 2.89068E-4 | 12 | 659 | 2 | 
j30_38_6.rcp | 3.72248E-4 | 13 | 354 | 3 | 4.46833E-4 | 13 | 354 | 4 | 5.75005E-4 | 13 | 354 | 4 | 4.10856E-4 | 13 | 354 | 4 | 
j30_38_7.rcp | 4.98582E-4 | 11 | 411 | 0 | 5.6318E-4 | 11 | 411 | 2 | 7.7892E-4 | 11 | 411 | 2 | 5.18737E-4 | 11 | 411 | 2 | 
j30_38_8.rcp | 4.04774E-4 | 16 | 388 | 0 | 8.88157E-4 | 25 | 388 | 1 | 0.001246038 | 25 | 388 | 1 | 9.80469E-4 | 31 | 388 | 2 | 
j30_38_9.rcp | 2.45135E-4 | 12 | 432 | 0 | 2.85839E-4 | 12 | 432 | 1 | 3.82624E-4 | 12 | 432 | 1 | 2.66718E-4 | 12 | 432 | 1 | 
j30_38_10.rcp | 2.78356E-4 | 13 | 582 | 0 | 3.47599E-4 | 13 | 582 | 0 | 4.77506E-4 | 13 | 582 | 0 | 3.24106E-4 | 13 | 582 | 0 | 
j30_39_1.rcp | 4.16698E-4 | 15 | 386 | 0 | 5.30476E-4 | 15 | 386 | 0 | 6.95278E-4 | 15 | 386 | 0 | 4.87807E-4 | 15 | 386 | 2 | 
j30_39_2.rcp | 3.26104E-4 | 12 | 607 | 0 | 3.79515E-4 | 12 | 607 | 1 | 5.12539E-4 | 12 | 607 | 1 | 3.57963E-4 | 12 | 607 | 1 | 
j30_39_3.rcp | 6.21812E-4 | 24 | 465 | 1 | 9.84989E-4 | 26 | 465 | 1 | 0.00128138 | 26 | 465 | 1 | 0.001458379 | 46 | 465 | 1 | 
j30_39_4.rcp | 3.93108E-4 | 11 | 405 | 0 | 4.54948E-4 | 11 | 405 | 1 | 6.29556E-4 | 11 | 405 | 1 | 4.79068E-4 | 11 | 405 | 2 | 
j30_39_5.rcp | 0.001669759 | 42 | 293 | 9 | 0.003659138 | 59 | 293 | 24 | 0.005027672 | 59 | 293 | 24 | 0.003197408 | 59 | 293 | 23 | 
j30_39_6.rcp | 3.56508E-4 | 13 | 460 | 1 | 3.96517E-4 | 13 | 460 | 4 | 5.2961E-4 | 13 | 460 | 4 | 3.75881E-4 | 13 | 460 | 4 | 
j30_39_7.rcp | 2.88241E-4 | 13 | 409 | 1 | 3.52185E-4 | 13 | 409 | 2 | 4.6901E-4 | 13 | 409 | 2 | 3.33361E-4 | 13 | 409 | 2 | 
j30_39_8.rcp | 3.53982E-4 | 12 | 445 | 0 | 4.59527E-4 | 12 | 445 | 1 | 5.96081E-4 | 12 | 445 | 1 | 3.93311E-4 | 12 | 445 | 1 | 
j30_39_9.rcp | 3.56819E-4 | 12 | 330 | 0 | 4.20286E-4 | 12 | 330 | 2 | 5.91109E-4 | 12 | 330 | 2 | 3.917E-4 | 12 | 330 | 2 | 
j30_39_10.rcp | 4.2988E-4 | 12 | 520 | 0 | 4.89485E-4 | 12 | 520 | 3 | 6.70689E-4 | 12 | 520 | 3 | 4.53354E-4 | 12 | 520 | 3 | 
j30_40_1.rcp | 4.3042E-4 | 13 | 482 | 0 | 4.38341E-4 | 13 | 482 | 2 | 5.17304E-4 | 13 | 482 | 2 | 3.56595E-4 | 13 | 482 | 2 | 
j30_40_2.rcp | 2.38434E-4 | 11 | 607 | 0 | 2.96985E-4 | 11 | 607 | 0 | 4.0296E-4 | 11 | 607 | 0 | 2.72917E-4 | 11 | 607 | 0 | 
j30_40_3.rcp | 3.83786E-4 | 13 | 442 | 0 | 4.498E-4 | 13 | 442 | 1 | 6.22802E-4 | 13 | 442 | 1 | 4.32403E-4 | 13 | 442 | 1 | 
j30_40_4.rcp | 3.09863E-4 | 10 | 531 | 0 | 2.96181E-4 | 10 | 531 | 0 | 3.88173E-4 | 10 | 531 | 0 | 2.82288E-4 | 10 | 531 | 0 | 
j30_40_5.rcp | 2.69927E-4 | 13 | 488 | 0 | 3.22864E-4 | 13 | 488 | 0 | 4.43872E-4 | 13 | 488 | 0 | 3.06738E-4 | 13 | 488 | 0 | 
j30_40_6.rcp | 2.5831E-4 | 13 | 374 | 0 | 3.26468E-4 | 13 | 374 | 0 | 4.30944E-4 | 13 | 374 | 0 | 3.03463E-4 | 13 | 374 | 0 | 
j30_40_7.rcp | 3.5721E-4 | 12 | 408 | 0 | 4.2932E-4 | 12 | 408 | 1 | 5.69634E-4 | 12 | 408 | 1 | 3.9219E-4 | 12 | 408 | 1 | 
j30_40_8.rcp | 3.20588E-4 | 13 | 410 | 0 | 4.12988E-4 | 13 | 410 | 1 | 5.17373E-4 | 13 | 410 | 1 | 3.51368E-4 | 13 | 410 | 1 | 
j30_40_9.rcp | 2.60753E-4 | 11 | 353 | 0 | 3.20141E-4 | 11 | 353 | 0 | 4.42251E-4 | 11 | 353 | 0 | 2.98923E-4 | 11 | 353 | 0 | 
j30_40_10.rcp | 2.8012E-4 | 12 | 409 | 0 | 2.65031E-4 | 12 | 409 | 0 | 3.49149E-4 | 12 | 409 | 0 | 2.56103E-4 | 12 | 409 | 0 | 
j30_41_1.rcp | 0.032546826 | 371 | 492 | 377 | 0.034883693 | 366 | 492 | 289 | 0.051725037 | 366 | 492 | 289 | 0.03496449 | 365 | 492 | 317 | 
j30_41_2.rcp | 60.000076 | 646543 | -1 | 875600 | 60.00004 | 836714 | -1 | 1417631 | 60.00006 | 574869 | -1 | 961260 | 60.00002 | 836428 | -1 | 1510025 | 
j30_41_3.rcp | 2.8111951 | 33071 | 654 | 41470 | 3.359737 | 32937 | 654 | 53135 | 4.715141 | 32937 | 654 | 53135 | 4.0446672 | 39405 | 654 | 71275 | 
j30_41_4.rcp | 1.1640369 | 9644 | 641 | 9135 | 1.2123992 | 10193 | 641 | 9946 | 1.7109436 | 10193 | 641 | 9945 | 3.685174 | 33369 | 641 | 44870 | 
j30_41_5.rcp | 52.355858 | 381772 | 821 | 499023 | 60.000053 | 339822 | -1 | 622874 | 60.000324 | 246453 | -1 | 465947 | 44.865223 | 376075 | 821 | 699643 | 
j30_41_6.rcp | 15.334036 | 182757 | 604 | 200985 | 10.876528 | 105831 | 604 | 114955 | 14.639135 | 105831 | 604 | 114862 | 60.00003 | 704198 | -1 | 683382 | 
j30_41_7.rcp | 15.047495 | 194377 | 623 | 251148 | 18.271925 | 195035 | 623 | 221846 | 26.063808 | 195035 | 623 | 220871 | 60.000034 | 878924 | -1 | 690399 | 
j30_41_8.rcp | 60.000008 | 1878572 | -1 | 1858898 | 20.343931 | 184576 | 715 | 371295 | 29.248053 | 187330 | 715 | 378794 | 20.933634 | 189382 | 715 | 386375 | 
j30_41_9.rcp | 0.008731925 | 170 | 517 | 93 | 0.013022318 | 170 | 517 | 119 | 0.018309072 | 170 | 517 | 119 | 0.015006398 | 170 | 517 | 144 | 
j30_41_10.rcp | 14.786206 | 89220 | 690 | 156082 | 37.47342 | 218484 | 690 | 258975 | 51.554043 | 218484 | 690 | 258985 | 60.000065 | 993906 | -1 | 448938 | 
j30_42_1.rcp | 7.70364E-4 | 14 | 488 | 0 | 8.91328E-4 | 14 | 488 | 1 | 0.001295408 | 14 | 488 | 1 | 8.7528E-4 | 14 | 488 | 3 | 
j30_42_2.rcp | 0.001460191 | 26 | 417 | 2 | 0.001754004 | 26 | 417 | 6 | 0.002507645 | 26 | 417 | 6 | 0.001642065 | 26 | 417 | 6 | 
j30_42_3.rcp | 6.11278E-4 | 11 | 270 | 1 | 7.4745E-4 | 11 | 270 | 3 | 0.001075172 | 11 | 270 | 3 | 7.59426E-4 | 11 | 270 | 3 | 
j30_42_4.rcp | 0.003905803 | 76 | 453 | 5 | 0.006240521 | 79 | 453 | 14 | 0.008307386 | 79 | 453 | 14 | 0.005538805 | 92 | 453 | 17 | 
j30_42_5.rcp | 4.97305E-4 | 13 | 479 | 0 | 6.02861E-4 | 13 | 479 | 0 | 8.52436E-4 | 13 | 479 | 0 | 5.38767E-4 | 13 | 479 | 1 | 
j30_42_6.rcp | 0.012953789 | 263 | 623 | 2 | 0.020378519 | 279 | 623 | 2 | 0.030969111 | 279 | 623 | 2 | 0.016751535 | 285 | 623 | 2 | 
j30_42_7.rcp | 5.39861E-4 | 12 | 603 | 1 | 6.73554E-4 | 12 | 603 | 2 | 9.5253E-4 | 12 | 603 | 2 | 6.27016E-4 | 12 | 603 | 2 | 
j30_42_8.rcp | 0.001888868 | 33 | 782 | 6 | 0.056487713 | 614 | 782 | 366 | 0.08629059 | 614 | 782 | 366 | 0.004185962 | 71 | 782 | 12 | 
j30_42_9.rcp | 0.001269635 | 11 | 411 | 9 | 0.001418392 | 11 | 411 | 12 | 0.002006387 | 11 | 411 | 12 | 0.001244434 | 11 | 411 | 14 | 
j30_42_10.rcp | 6.3775E-4 | 10 | 459 | 0 | 7.72317E-4 | 10 | 459 | 1 | 0.001156449 | 10 | 459 | 1 | 7.77203E-4 | 10 | 459 | 3 | 
j30_43_1.rcp | 9.53936E-4 | 13 | 679 | 0 | 0.001045123 | 13 | 679 | 2 | 0.001339963 | 13 | 679 | 2 | 8.64661E-4 | 13 | 679 | 3 | 
j30_43_2.rcp | 5.17517E-4 | 12 | 401 | 0 | 6.42419E-4 | 12 | 401 | 0 | 0.001025926 | 12 | 401 | 0 | 6.72707E-4 | 12 | 401 | 0 | 
j30_43_3.rcp | 5.72057E-4 | 14 | 438 | 0 | 6.87583E-4 | 14 | 438 | 0 | 9.90275E-4 | 14 | 438 | 0 | 6.83545E-4 | 14 | 438 | 0 | 
j30_43_4.rcp | 0.006257591 | 97 | 289 | 5 | 0.007415178 | 97 | 289 | 54 | 0.012505995 | 97 | 289 | 54 | 0.007747343 | 97 | 289 | 50 | 
j30_43_5.rcp | 0.001118826 | 25 | 236 | 0 | 0.001482234 | 25 | 236 | 7 | 0.002215012 | 25 | 236 | 7 | 0.001599022 | 30 | 236 | 6 | 
j30_43_6.rcp | 5.68269E-4 | 12 | 377 | 0 | 6.74357E-4 | 12 | 377 | 1 | 0.001057954 | 12 | 377 | 1 | 6.57484E-4 | 12 | 377 | 1 | 
j30_43_7.rcp | 3.95998E-4 | 12 | 526 | 0 | 5.25723E-4 | 12 | 526 | 0 | 7.58092E-4 | 12 | 526 | 0 | 4.99439E-4 | 12 | 526 | 0 | 
j30_43_8.rcp | 8.91663E-4 | 19 | 690 | 3 | 0.001163607 | 19 | 690 | 3 | 0.001713699 | 19 | 690 | 3 | 0.001063765 | 19 | 690 | 5 | 
j30_43_9.rcp | 5.4529E-4 | 12 | 455 | 0 | 6.04958E-4 | 12 | 455 | 1 | 8.79231E-4 | 12 | 455 | 1 | 6.45352E-4 | 12 | 455 | 1 | 
j30_43_10.rcp | 5.35256E-4 | 12 | 456 | 0 | 6.56509E-4 | 12 | 456 | 2 | 8.93087E-4 | 12 | 456 | 2 | 5.91122E-4 | 12 | 456 | 2 | 
j30_44_1.rcp | 4.76186E-4 | 12 | 221 | 0 | 5.52935E-4 | 12 | 221 | 1 | 8.16073E-4 | 12 | 221 | 1 | 5.37588E-4 | 12 | 221 | 1 | 
j30_44_2.rcp | 6.46839E-4 | 14 | 518 | 0 | 7.81385E-4 | 14 | 518 | 1 | 0.001867866 | 14 | 518 | 1 | 7.55224E-4 | 14 | 518 | 1 | 
j30_44_3.rcp | 4.70274E-4 | 14 | 511 | 0 | 5.61698E-4 | 14 | 511 | 0 | 7.70899E-4 | 14 | 511 | 0 | 5.2756E-4 | 14 | 511 | 0 | 
j30_44_4.rcp | 5.62968E-4 | 12 | 435 | 0 | 6.86956E-4 | 12 | 435 | 0 | 0.001008493 | 12 | 435 | 0 | 7.38813E-4 | 12 | 435 | 0 | 
j30_44_5.rcp | 5.57859E-4 | 14 | 684 | 0 | 6.95392E-4 | 14 | 684 | 0 | 9.3157E-4 | 14 | 684 | 0 | 6.0462E-4 | 14 | 684 | 0 | 
j30_44_6.rcp | 4.51653E-4 | 13 | 507 | 0 | 5.73044E-4 | 13 | 507 | 0 | 8.11346E-4 | 13 | 507 | 0 | 4.98354E-4 | 13 | 507 | 0 | 
j30_44_7.rcp | 4.02213E-4 | 13 | 383 | 0 | 4.87317E-4 | 13 | 383 | 0 | 7.07029E-4 | 13 | 383 | 0 | 4.69709E-4 | 13 | 383 | 0 | 
j30_44_8.rcp | 4.40303E-4 | 11 | 463 | 0 | 5.30429E-4 | 11 | 463 | 1 | 7.57868E-4 | 11 | 463 | 1 | 5.09913E-4 | 11 | 463 | 1 | 
j30_44_9.rcp | 4.33845E-4 | 13 | 510 | 0 | 6.62211E-4 | 13 | 510 | 0 | 8.28238E-4 | 13 | 510 | 0 | 5.04532E-4 | 13 | 510 | 0 | 
j30_44_10.rcp | 4.95465E-4 | 13 | 535 | 0 | 6.16806E-4 | 13 | 535 | 0 | 8.97092E-4 | 13 | 535 | 0 | 5.98595E-4 | 13 | 535 | 0 | 
j30_45_1.rcp | 60.00026 | 513602 | -1 | 1011811 | 60.00012 | 395803 | -1 | 827211 | 60.00013 | 290418 | -1 | 589855 | 60.000023 | 380454 | -1 | 320763 | 
j30_45_2.rcp | 60.000034 | 750755 | -1 | 863507 | 60.000122 | 568111 | -1 | 685716 | 60.000126 | 408957 | -1 | 486956 | 60.000042 | 564052 | -1 | 1662981 | 
j30_45_3.rcp | 60.00006 | 780161 | -1 | 1140735 | 60.00003 | 553123 | -1 | 470487 | 60.00007 | 394664 | -1 | 340349 | 60.00003 | 444348 | -1 | 608008 | 
j30_45_4.rcp | 60.000027 | 530988 | -1 | 299420 | 60.00001 | 599433 | -1 | 222406 | 60.000603 | 444386 | -1 | 106156 | 60.00003 | 520216 | -1 | 210999 | 
j30_45_5.rcp | 60.000076 | 551238 | -1 | 324161 | 60.00002 | 405019 | -1 | 254806 | 60.000072 | 271273 | -1 | 173109 | 60.000008 | 465989 | -1 | 274643 | 
j30_45_6.rcp | 60.000896 | 425518 | -1 | 680358 | 60.0006 | 378151 | -1 | 543474 | 60.000748 | 281545 | -1 | 397213 | 60.000072 | 355785 | -1 | 531401 | 
j30_45_7.rcp | 60.000317 | 451279 | -1 | 672979 | 60.00007 | 424567 | -1 | 613788 | 60.000042 | 304805 | -1 | 443710 | 60.000103 | 489856 | -1 | 705806 | 
j30_45_8.rcp | 60.00004 | 456692 | -1 | 536258 | 60.000015 | 609966 | -1 | 556755 | 60.000107 | 433446 | -1 | 461499 | 60.000008 | 576052 | -1 | 648937 | 
j30_45_9.rcp | 60.00005 | 931725 | -1 | 390921 | 60.00003 | 555355 | -1 | 598681 | 60.00006 | 334303 | -1 | 441719 | 60.00016 | 300715 | -1 | 762895 | 
j30_45_10.rcp | 60.000008 | 770003 | -1 | 452327 | 60.000187 | 360466 | -1 | 1058211 | 60.000286 | 264285 | -1 | 790878 | 60.000053 | 385275 | -1 | 1262978 | 
j30_46_1.rcp | 10.172034 | 75585 | 531 | 2433 | 18.092821 | 108409 | 531 | 5764 | 27.762722 | 108409 | 531 | 5764 | 22.208002 | 108409 | 531 | 121075 | 
j30_46_2.rcp | 0.002681716 | 29 | 564 | 0 | 0.002966917 | 29 | 564 | 7 | 0.004248272 | 29 | 564 | 7 | 0.002940618 | 29 | 564 | 12 | 
j30_46_3.rcp | 0.001518249 | 15 | 512 | 0 | 0.001772108 | 15 | 512 | 4 | 0.002693712 | 15 | 512 | 4 | 0.00160643 | 15 | 512 | 8 | 
j30_46_4.rcp | 1.1667817 | 9008 | 490 | 6 | 1.6133552 | 9008 | 490 | 2523 | 2.5122056 | 9008 | 490 | 2523 | 1.4303817 | 9008 | 490 | 1190 | 
j30_46_5.rcp | 0.004530577 | 59 | 332 | 2 | 0.005663005 | 59 | 332 | 6 | 0.009406798 | 59 | 332 | 6 | 0.005713196 | 59 | 332 | 13 | 
j30_46_6.rcp | 60.00012 | 524482 | -1 | 2397 | 60.000126 | 402074 | -1 | 45005 | 60.00018 | 251015 | -1 | 28289 | 60.000008 | 440812 | -1 | 235661 | 
j30_46_7.rcp | 0.001110358 | 12 | 392 | 1 | 0.00125426 | 12 | 392 | 7 | 0.002606955 | 12 | 392 | 7 | 0.001344779 | 12 | 392 | 11 | 
j30_46_8.rcp | 0.001214995 | 13 | 551 | 0 | 0.00146746 | 13 | 551 | 0 | 0.00206781 | 13 | 551 | 0 | 0.001427868 | 13 | 551 | 6 | 
j30_46_9.rcp | 0.001185183 | 10 | 402 | 0 | 0.00119646 | 10 | 402 | 4 | 0.001716613 | 10 | 402 | 4 | 0.001195327 | 10 | 402 | 6 | 
j30_46_10.rcp | 0.004832362 | 47 | 417 | 0 | 0.00510457 | 47 | 417 | 6 | 0.007706299 | 47 | 417 | 6 | 0.004869943 | 47 | 417 | 8 | 
j30_47_1.rcp | 8.58035E-4 | 14 | 608 | 1 | 0.001035177 | 14 | 608 | 2 | 0.001542844 | 14 | 608 | 2 | 0.001023201 | 14 | 608 | 2 | 
j30_47_2.rcp | 6.71501E-4 | 13 | 242 | 0 | 7.73329E-4 | 13 | 242 | 0 | 0.001176943 | 13 | 242 | 0 | 8.00248E-4 | 13 | 242 | 0 | 
j30_47_3.rcp | 8.33253E-4 | 13 | 334 | 0 | 9.30228E-4 | 13 | 334 | 1 | 0.001418579 | 13 | 334 | 1 | 9.73553E-4 | 13 | 334 | 1 | 
j30_47_4.rcp | 0.021404453 | 277 | 242 | 0 | 0.024805995 | 277 | 242 | 35 | 0.04013383 | 277 | 242 | 35 | 0.025663545 | 297 | 242 | 60 | 
j30_47_5.rcp | 9.85684E-4 | 12 | 311 | 0 | 0.00100349 | 12 | 311 | 6 | 0.001586576 | 12 | 311 | 6 | 0.001039165 | 12 | 311 | 6 | 
j30_47_6.rcp | 0.001012665 | 12 | 329 | 0 | 0.001051381 | 12 | 329 | 0 | 0.001536864 | 12 | 329 | 0 | 0.001076094 | 12 | 329 | 1 | 
j30_47_7.rcp | 0.001572141 | 12 | 205 | 0 | 7.92448E-4 | 12 | 205 | 1 | 0.001222693 | 12 | 205 | 1 | 8.19104E-4 | 12 | 205 | 1 | 
j30_47_8.rcp | 0.033169203 | 385 | 329 | 0 | 0.036775704 | 394 | 329 | 6 | 0.058191214 | 394 | 329 | 6 | 0.041332785 | 394 | 329 | 93 | 
j30_47_9.rcp | 7.1326E-4 | 12 | 335 | 0 | 8.07904E-4 | 12 | 335 | 2 | 0.00123812 | 12 | 335 | 2 | 7.96585E-4 | 12 | 335 | 2 | 
j30_47_10.rcp | 0.001028347 | 12 | 368 | 0 | 0.001051347 | 12 | 368 | 3 | 0.001566558 | 12 | 368 | 3 | 9.18097E-4 | 12 | 368 | 3 | 
j30_48_1.rcp | 6.60548E-4 | 13 | 480 | 0 | 8.05912E-4 | 13 | 480 | 0 | 0.0012025 | 13 | 480 | 0 | 8.19366E-4 | 13 | 480 | 0 | 
j30_48_2.rcp | 5.48216E-4 | 9 | 380 | 0 | 6.17621E-4 | 9 | 380 | 1 | 9.20809E-4 | 9 | 380 | 1 | 6.21806E-4 | 9 | 380 | 1 | 
j30_48_3.rcp | 8.00988E-4 | 13 | 187 | 0 | 7.93601E-4 | 13 | 187 | 0 | 0.001198254 | 13 | 187 | 0 | 8.08119E-4 | 13 | 187 | 0 | 
j30_48_4.rcp | 7.33856E-4 | 12 | 342 | 0 | 8.9583E-4 | 12 | 342 | 0 | 0.001351083 | 12 | 342 | 0 | 8.16616E-4 | 12 | 342 | 0 | 
j30_48_5.rcp | 7.89043E-4 | 13 | 489 | 0 | 9.28209E-4 | 13 | 489 | 0 | 0.001171222 | 13 | 489 | 0 | 8.41964E-4 | 13 | 489 | 0 | 
j30_48_6.rcp | 6.32861E-4 | 12 | 541 | 0 | 7.68348E-4 | 12 | 541 | 0 | 0.001162673 | 12 | 541 | 0 | 7.9788E-4 | 12 | 541 | 0 | 
j30_48_7.rcp | 6.64435E-4 | 13 | 468 | 0 | 7.99187E-4 | 13 | 468 | 0 | 0.001176778 | 13 | 468 | 0 | 7.22243E-4 | 13 | 468 | 0 | 
j30_48_8.rcp | 6.73243E-4 | 13 | 317 | 0 | 8.47292E-4 | 13 | 317 | 0 | 0.001213089 | 13 | 317 | 0 | 7.46908E-4 | 13 | 317 | 0 | 
j30_48_9.rcp | 7.61735E-4 | 13 | 415 | 0 | 8.67195E-4 | 13 | 415 | 0 | 0.001263746 | 13 | 415 | 0 | 8.80008E-4 | 13 | 415 | 0 | 
j30_48_10.rcp | 7.55576E-4 | 13 | 414 | 0 | 8.38163E-4 | 13 | 414 | 0 | 0.001168619 | 13 | 414 | 0 | 8.05458E-4 | 13 | 414 | 0 | 
Solve by All :435       NbTL :441, NbH :442, NbCH :440, NbOH :439   TimeTL :0.1648575583850863, TimeH :0.2267897442226424, TimeCH :0.335730649149594, TimeOH :0.3554658728078324   BackTL :1474, BackH :2003, BackCH :2015, BackOH :3477