Inst |timeTL |backtTL |makespanTL |propTL |timeH |backtH |makespanH |propH |timeCTLH |backtCTLH |makespanCTLH |propCTLH |timeCH |backtCH |makespanCH |propCH |
j30_1_1.rcp | 0.013469209 | 11 | 282 | 3 | 0.010394485 | 11 | 282 | 3 | 0.004687436 | 11 | 282 | 3 | 0.005820357 | 11 | 282 | 3 | 
j30_1_2.rcp | 0.002751893 | 9 | 382 | 0 | 0.003809688 | 9 | 382 | 0 | 0.003792039 | 9 | 382 | 0 | 0.002688872 | 9 | 382 | 1 | 
j30_1_3.rcp | 0.014104387 | 50 | 511 | 16 | 0.01100604 | 50 | 511 | 19 | 0.009314962 | 50 | 511 | 19 | 0.012390986 | 50 | 511 | 23 | 
j30_1_4.rcp | 0.006121352 | 36 | 531 | 16 | 0.0105339 | 36 | 531 | 20 | 0.006957327 | 36 | 531 | 20 | 0.008588734 | 36 | 531 | 20 | 
j30_1_5.rcp | 0.001096171 | 11 | 281 | 7 | 0.001181567 | 11 | 281 | 7 | 0.002245029 | 11 | 281 | 7 | 0.002048734 | 11 | 281 | 7 | 
j30_1_6.rcp | 0.001620837 | 10 | 285 | 0 | 0.001979795 | 10 | 285 | 3 | 0.001248929 | 10 | 285 | 3 | 0.001322292 | 10 | 285 | 3 | 
j30_1_7.rcp | 60.000065 | 2881009 | -1 | 1539949 | 60.00005 | 2330893 | -1 | 1325576 | 60.00004 | 2250337 | -1 | 1280120 | 60.00002 | 2139045 | -1 | 929883 | 
j30_1_8.rcp | 0.001140553 | 63 | 308 | 54 | 0.00130004 | 63 | 308 | 34 | 0.001339537 | 63 | 308 | 34 | 0.001359303 | 63 | 308 | 34 | 
j30_1_9.rcp | 9.71289E-4 | 59 | 430 | 5 | 0.001312218 | 59 | 430 | 6 | 0.001829397 | 59 | 430 | 6 | 0.001086179 | 59 | 430 | 6 | 
j30_1_10.rcp | 7.31866E-4 | 11 | 454 | 3 | 6.5905E-4 | 11 | 454 | 3 | 4.75254E-4 | 11 | 454 | 3 | 3.96903E-4 | 11 | 454 | 3 | 
j30_2_1.rcp | 4.06357E-4 | 10 | 377 | 1 | 4.70045E-4 | 10 | 377 | 4 | 6.94937E-4 | 10 | 377 | 4 | 5.67558E-4 | 10 | 377 | 4 | 
j30_2_2.rcp | 3.90778E-4 | 10 | 503 | 0 | 5.31402E-4 | 10 | 503 | 1 | 5.21776E-4 | 10 | 503 | 1 | 3.73163E-4 | 10 | 503 | 1 | 
j30_2_3.rcp | 0.003777533 | 249 | 429 | 27 | 0.007866673 | 249 | 429 | 27 | 0.009274271 | 249 | 429 | 27 | 0.007923052 | 249 | 429 | 27 | 
j30_2_4.rcp | 4.23791E-4 | 10 | 384 | 0 | 3.74443E-4 | 10 | 384 | 1 | 4.14193E-4 | 10 | 384 | 1 | 3.63367E-4 | 10 | 384 | 1 | 
j30_2_5.rcp | 5.2415E-4 | 10 | 430 | 1 | 4.36509E-4 | 10 | 430 | 2 | 4.2232E-4 | 10 | 430 | 2 | 3.58258E-4 | 10 | 430 | 2 | 
j30_2_6.rcp | 0.005943286 | 264 | 381 | 2 | 0.005410719 | 264 | 381 | 4 | 0.008587401 | 264 | 381 | 4 | 0.005203817 | 264 | 381 | 4 | 
j30_2_7.rcp | 4.51485E-4 | 9 | 276 | 1 | 3.57538E-4 | 9 | 276 | 1 | 3.73452E-4 | 9 | 276 | 1 | 3.20832E-4 | 9 | 276 | 2 | 
j30_2_8.rcp | 7.2275E-4 | 10 | 803 | 2 | 6.34546E-4 | 10 | 803 | 4 | 7.44635E-4 | 10 | 803 | 4 | 5.61638E-4 | 10 | 803 | 5 | 
j30_2_9.rcp | 3.86856E-4 | 8 | 405 | 1 | 4.36493E-4 | 8 | 405 | 1 | 5.86116E-4 | 8 | 405 | 1 | 4.05871E-4 | 8 | 405 | 2 | 
j30_2_10.rcp | 3.03609E-4 | 9 | 379 | 2 | 3.23705E-4 | 9 | 379 | 2 | 3.76992E-4 | 9 | 379 | 2 | 3.24649E-4 | 9 | 379 | 2 | 
j30_3_1.rcp | 7.94829E-4 | 27 | 494 | 1 | 0.001051234 | 27 | 494 | 1 | 8.37265E-4 | 27 | 494 | 1 | 8.77796E-4 | 27 | 494 | 1 | 
j30_3_2.rcp | 4.34067E-4 | 9 | 383 | 1 | 3.46419E-4 | 9 | 383 | 3 | 3.7668E-4 | 9 | 383 | 3 | 4.35797E-4 | 9 | 383 | 3 | 
j30_3_3.rcp | 3.44926E-4 | 11 | 476 | 2 | 3.4185E-4 | 11 | 476 | 3 | 3.80679E-4 | 11 | 476 | 3 | 3.19776E-4 | 11 | 476 | 3 | 
j30_3_4.rcp | 4.98181E-4 | 9 | 997 | 1 | 5.33695E-4 | 9 | 997 | 3 | 6.01886E-4 | 9 | 997 | 3 | 5.29681E-4 | 9 | 997 | 3 | 
j30_3_5.rcp | 3.44938E-4 | 10 | 484 | 4 | 4.20749E-4 | 10 | 484 | 4 | 3.97047E-4 | 10 | 484 | 4 | 3.53596E-4 | 10 | 484 | 4 | 
j30_3_6.rcp | 2.7896E-4 | 10 | 328 | 2 | 3.21915E-4 | 10 | 328 | 3 | 3.49501E-4 | 10 | 328 | 3 | 2.93868E-4 | 10 | 328 | 3 | 
j30_3_7.rcp | 4.47712E-4 | 10 | 506 | 1 | 4.83033E-4 | 10 | 506 | 1 | 5.44217E-4 | 10 | 506 | 1 | 4.63272E-4 | 10 | 506 | 1 | 
j30_3_8.rcp | 4.24676E-4 | 9 | 368 | 0 | 4.72557E-4 | 9 | 368 | 1 | 5.59718E-4 | 9 | 368 | 1 | 4.84443E-4 | 9 | 368 | 2 | 
j30_3_9.rcp | 4.29211E-4 | 10 | 262 | 2 | 3.52624E-4 | 10 | 262 | 2 | 3.42487E-4 | 10 | 262 | 2 | 3.56772E-4 | 10 | 262 | 2 | 
j30_3_10.rcp | 3.28777E-4 | 8 | 359 | 0 | 2.70343E-4 | 8 | 359 | 0 | 4.55673E-4 | 8 | 359 | 0 | 2.51618E-4 | 8 | 359 | 0 | 
j30_4_1.rcp | 1.80856E-4 | 8 | 335 | 0 | 1.85316E-4 | 8 | 335 | 1 | 2.33058E-4 | 8 | 335 | 1 | 1.81942E-4 | 8 | 335 | 1 | 
j30_4_2.rcp | 2.39158E-4 | 10 | 308 | 0 | 2.85542E-4 | 10 | 308 | 0 | 3.39566E-4 | 10 | 308 | 0 | 3.28574E-4 | 10 | 308 | 0 | 
j30_4_3.rcp | 7.41267E-4 | 46 | 356 | 2 | 0.001022079 | 46 | 356 | 2 | 0.001294693 | 46 | 356 | 2 | 0.001401072 | 46 | 356 | 2 | 
j30_4_4.rcp | 2.95017E-4 | 9 | 304 | 0 | 3.26521E-4 | 9 | 304 | 1 | 4.53709E-4 | 9 | 304 | 1 | 3.13515E-4 | 9 | 304 | 1 | 
j30_4_5.rcp | 9.09118E-4 | 36 | 294 | 2 | 9.66193E-4 | 36 | 294 | 4 | 0.001369348 | 36 | 294 | 4 | 0.001108056 | 36 | 294 | 4 | 
j30_4_6.rcp | 3.47531E-4 | 8 | 394 | 0 | 3.64951E-4 | 8 | 394 | 0 | 4.95693E-4 | 8 | 394 | 0 | 3.47067E-4 | 8 | 394 | 0 | 
j30_4_7.rcp | 2.04715E-4 | 8 | 629 | 0 | 3.15729E-4 | 8 | 629 | 1 | 7.6188E-4 | 8 | 629 | 1 | 4.49949E-4 | 8 | 629 | 1 | 
j30_4_8.rcp | 5.75034E-4 | 9 | 482 | 0 | 3.77436E-4 | 9 | 482 | 0 | 3.74773E-4 | 9 | 482 | 0 | 3.02706E-4 | 9 | 482 | 0 | 
j30_4_9.rcp | 3.69729E-4 | 11 | 235 | 0 | 4.16912E-4 | 11 | 235 | 1 | 6.93979E-4 | 11 | 235 | 1 | 6.60224E-4 | 11 | 235 | 1 | 
j30_4_10.rcp | 3.45119E-4 | 7 | 760 | 1 | 3.15356E-4 | 7 | 760 | 1 | 2.64549E-4 | 7 | 760 | 1 | 3.5644E-4 | 7 | 760 | 1 | 
j30_5_1.rcp | 0.001570529 | 13 | 360 | 9 | 0.002569644 | 13 | 360 | 10 | 0.002983831 | 13 | 360 | 10 | 0.002013863 | 13 | 360 | 14 | 
j30_5_2.rcp | 0.003124534 | 47 | 484 | 41 | 0.003805238 | 47 | 484 | 38 | 0.004193131 | 47 | 484 | 39 | 0.002756099 | 47 | 484 | 43 | 
j30_5_3.rcp | 60.000053 | 2261849 | -1 | 3436270 | 60.000015 | 1853934 | -1 | 1152019 | 60.000042 | 1290138 | -1 | 1164010 | 60.000046 | 1773522 | -1 | 1457517 | 
j30_5_4.rcp | 60.000053 | 1392551 | -1 | 1786262 | 60.000027 | 928518 | -1 | 1195282 | 60.000034 | 743223 | -1 | 995662 | 60.00009 | 1018394 | -1 | 1357703 | 
j30_5_5.rcp | 60.000072 | 1093282 | -1 | 1650839 | 60.000126 | 762282 | -1 | 1015545 | 60.000053 | 624015 | -1 | 926349 | 60.00002 | 699115 | -1 | 1004691 | 
j30_5_6.rcp | 60.000053 | 1471141 | -1 | 1593714 | 60.00005 | 1043911 | -1 | 912238 | 60.00008 | 796436 | -1 | 622791 | 60.000122 | 1022809 | -1 | 843493 | 
j30_5_7.rcp | 60.00003 | 792871 | -1 | 1730200 | 60.00013 | 597969 | -1 | 1369937 | 60.000023 | 466878 | -1 | 1059411 | 60.000015 | 644819 | -1 | 1379202 | 
j30_5_8.rcp | 60.00009 | 1306800 | -1 | 2130904 | 60.000134 | 903244 | -1 | 1657786 | 60.000023 | 605322 | -1 | 1165225 | 60.00005 | 1062773 | -1 | 1907989 | 
j30_5_9.rcp | 60.00006 | 1418654 | -1 | 2403312 | 60.000492 | 1017839 | -1 | 1206486 | 60.000023 | 699779 | -1 | 1186345 | 60.00004 | 991147 | -1 | 1725935 | 
j30_5_10.rcp | 0.00999104 | 258 | 664 | 183 | 0.01572808 | 258 | 664 | 436 | 0.025358623 | 258 | 664 | 436 | 0.013593117 | 258 | 664 | 443 | 
j30_6_1.rcp | 3.62301E-4 | 7 | 479 | 0 | 3.52971E-4 | 7 | 479 | 1 | 5.02687E-4 | 7 | 479 | 1 | 3.49288E-4 | 7 | 479 | 2 | 
j30_6_2.rcp | 4.04907E-4 | 8 | 454 | 1 | 4.66478E-4 | 8 | 454 | 1 | 7.26626E-4 | 8 | 454 | 1 | 4.63619E-4 | 8 | 454 | 2 | 
j30_6_3.rcp | 3.67886E-4 | 10 | 403 | 1 | 3.80724E-4 | 10 | 403 | 1 | 4.96656E-4 | 10 | 403 | 2 | 3.50743E-4 | 10 | 403 | 3 | 
j30_6_4.rcp | 0.022689972 | 483 | 551 | 2 | 0.030628333 | 483 | 551 | 78 | 0.045446407 | 483 | 551 | 78 | 0.028226728 | 483 | 551 | 112 | 
j30_6_5.rcp | 6.47853E-4 | 15 | 369 | 1 | 5.71981E-4 | 15 | 369 | 4 | 7.73361E-4 | 15 | 369 | 4 | 5.38934E-4 | 15 | 369 | 4 | 
j30_6_6.rcp | 0.008001821 | 308 | 404 | 44 | 0.011132978 | 308 | 404 | 58 | 0.01765684 | 308 | 404 | 58 | 0.010943849 | 308 | 404 | 58 | 
j30_6_7.rcp | 0.005188608 | 258 | 438 | 0 | 0.00761526 | 258 | 438 | 2 | 0.011620937 | 258 | 438 | 2 | 0.006474399 | 258 | 438 | 2 | 
j30_6_8.rcp | 4.05562E-4 | 9 | 327 | 1 | 5.33184E-4 | 9 | 327 | 2 | 8.17412E-4 | 9 | 327 | 2 | 4.33709E-4 | 9 | 327 | 3 | 
j30_6_9.rcp | 0.001364596 | 16 | 363 | 4 | 0.001231927 | 16 | 363 | 10 | 0.001378649 | 16 | 363 | 10 | 0.001076618 | 16 | 363 | 10 | 
j30_6_10.rcp | 0.001923503 | 71 | 341 | 4 | 0.003027332 | 71 | 341 | 9 | 0.00374902 | 71 | 341 | 9 | 0.002336702 | 71 | 341 | 10 | 
j30_7_1.rcp | 3.39488E-4 | 8 | 509 | 0 | 4.01532E-4 | 8 | 509 | 0 | 5.34273E-4 | 8 | 509 | 0 | 3.72291E-4 | 8 | 509 | 1 | 
j30_7_2.rcp | 0.001104292 | 38 | 328 | 2 | 0.00139126 | 38 | 328 | 2 | 0.001914673 | 38 | 328 | 2 | 0.001233119 | 38 | 328 | 2 | 
j30_7_3.rcp | 3.10873E-4 | 10 | 309 | 1 | 3.21004E-4 | 10 | 309 | 3 | 4.38224E-4 | 10 | 309 | 3 | 3.07916E-4 | 10 | 309 | 3 | 
j30_7_4.rcp | 7.47231E-4 | 11 | 382 | 1 | 6.30864E-4 | 11 | 382 | 2 | 8.05842E-4 | 11 | 382 | 2 | 7.76019E-4 | 11 | 382 | 2 | 
j30_7_5.rcp | 0.005721992 | 142 | 326 | 0 | 0.007287251 | 142 | 326 | 0 | 0.01213334 | 142 | 326 | 0 | 0.007264746 | 142 | 326 | 0 | 
j30_7_6.rcp | 2.97602E-4 | 10 | 378 | 0 | 3.65694E-4 | 10 | 378 | 0 | 4.79727E-4 | 10 | 378 | 0 | 3.90844E-4 | 10 | 378 | 0 | 
j30_7_7.rcp | 4.18635E-4 | 8 | 680 | 0 | 4.24801E-4 | 8 | 680 | 1 | 5.63546E-4 | 8 | 680 | 1 | 4.02938E-4 | 8 | 680 | 1 | 
j30_7_8.rcp | 0.00783889 | 158 | 512 | 15 | 0.009851495 | 158 | 512 | 12 | 0.014625889 | 158 | 512 | 12 | 0.007788947 | 158 | 512 | 21 | 
j30_7_9.rcp | 3.26843E-4 | 9 | 477 | 0 | 4.03333E-4 | 9 | 477 | 0 | 5.94797E-4 | 9 | 477 | 0 | 4.0897E-4 | 9 | 477 | 0 | 
j30_7_10.rcp | 9.61422E-4 | 46 | 285 | 2 | 0.001329622 | 46 | 285 | 2 | 0.002064395 | 46 | 285 | 2 | 0.001249271 | 46 | 285 | 2 | 
j30_8_1.rcp | 4.82614E-4 | 9 | 306 | 1 | 5.22708E-4 | 9 | 306 | 1 | 5.04395E-4 | 9 | 306 | 1 | 4.17985E-4 | 9 | 306 | 1 | 
j30_8_2.rcp | 2.8531E-4 | 9 | 455 | 0 | 3.15356E-4 | 9 | 455 | 0 | 4.36305E-4 | 9 | 455 | 0 | 3.31823E-4 | 9 | 455 | 0 | 
j30_8_3.rcp | 2.27433E-4 | 10 | 379 | 0 | 2.66658E-4 | 10 | 379 | 0 | 4.27685E-4 | 10 | 379 | 0 | 2.60742E-4 | 10 | 379 | 0 | 
j30_8_4.rcp | 4.94056E-4 | 11 | 334 | 0 | 4.10245E-4 | 11 | 334 | 1 | 5.04543E-4 | 11 | 334 | 1 | 3.54952E-4 | 11 | 334 | 1 | 
j30_8_5.rcp | 5.77392E-4 | 10 | 476 | 0 | 4.47711E-4 | 10 | 476 | 1 | 7.99481E-4 | 10 | 476 | 1 | 4.3421E-4 | 10 | 476 | 1 | 
j30_8_6.rcp | 4.74975E-4 | 10 | 651 | 0 | 5.28444E-4 | 10 | 651 | 0 | 4.87728E-4 | 10 | 651 | 0 | 3.40036E-4 | 10 | 651 | 0 | 
j30_8_7.rcp | 3.94874E-4 | 7 | 362 | 0 | 3.89612E-4 | 7 | 362 | 1 | 4.19529E-4 | 7 | 362 | 1 | 3.03336E-4 | 7 | 362 | 1 | 
j30_8_8.rcp | 4.70929E-4 | 11 | 478 | 0 | 3.63357E-4 | 11 | 478 | 0 | 4.92388E-4 | 11 | 478 | 0 | 3.27707E-4 | 11 | 478 | 0 | 
j30_8_9.rcp | 2.92984E-4 | 10 | 379 | 0 | 3.82827E-4 | 10 | 379 | 1 | 4.78014E-4 | 10 | 379 | 1 | 3.29827E-4 | 10 | 379 | 1 | 
j30_8_10.rcp | 3.77812E-4 | 10 | 759 | 0 | 4.08883E-4 | 10 | 759 | 0 | 5.67758E-4 | 10 | 759 | 0 | 3.86181E-4 | 10 | 759 | 0 | 
j30_9_1.rcp | 60.000072 | 803366 | -1 | 1233674 | 60.000134 | 523630 | -1 | 887340 | 60.000225 | 385523 | -1 | 616901 | 60.000065 | 502395 | -1 | 794684 | 
j30_9_2.rcp | 30.493336 | 303808 | 652 | 1051895 | 31.668428 | 303808 | 652 | 684259 | 39.581352 | 303808 | 652 | 674839 | 28.471315 | 303808 | 652 | 645940 | 
j30_9_3.rcp | 60.000122 | 478212 | -1 | 724401 | 60.000217 | 387756 | -1 | 520431 | 60.000027 | 272671 | -1 | 363808 | 60.000267 | 421850 | -1 | 632735 | 
j30_9_4.rcp | 60.00004 | 510026 | -1 | 1114628 | 60.000435 | 391629 | -1 | 1003539 | 60.00004 | 270122 | -1 | 692120 | 60.000187 | 395647 | -1 | 1084578 | 
j30_9_5.rcp | 60.000023 | 1886768 | -1 | 215115 | 60.000042 | 1350346 | -1 | 116911 | 60.00002 | 1045286 | -1 | 83021 | 60.00005 | 1241032 | -1 | 62208 | 
j30_9_6.rcp | 0.00115095 | 10 | 626 | 7 | 0.001212215 | 10 | 626 | 7 | 0.001875558 | 10 | 626 | 7 | 8.27843E-4 | 10 | 626 | 11 | 
j30_9_7.rcp | 0.00308465 | 16 | 607 | 15 | 0.002656343 | 16 | 607 | 21 | 0.004581722 | 16 | 607 | 21 | 0.002203123 | 16 | 607 | 23 | 
j30_9_8.rcp | 0.010981204 | 140 | 435 | 227 | 0.014305835 | 140 | 435 | 214 | 0.018111624 | 140 | 435 | 206 | 0.015776113 | 140 | 435 | 225 | 
j30_9_9.rcp | 60.000027 | 854045 | -1 | 804265 | 60.000053 | 525388 | -1 | 704370 | 60.00007 | 541357 | -1 | 519560 | 60.000187 | 633719 | -1 | 474107 | 
j30_9_10.rcp | 0.005648506 | 22 | 674 | 62 | 0.006214859 | 22 | 674 | 74 | 0.007816081 | 22 | 674 | 74 | 0.006971112 | 22 | 674 | 75 | 
j30_10_1.rcp | 6.68877E-4 | 11 | 408 | 0 | 0.001019918 | 11 | 408 | 2 | 0.00112474 | 11 | 408 | 2 | 0.001201878 | 11 | 408 | 2 | 
j30_10_2.rcp | 6.78288E-4 | 9 | 480 | 0 | 9.39971E-4 | 9 | 480 | 1 | 0.001272238 | 9 | 480 | 1 | 9.03557E-4 | 9 | 480 | 2 | 
j30_10_3.rcp | 5.05984E-4 | 8 | 509 | 0 | 5.4505E-4 | 8 | 509 | 0 | 9.67159E-4 | 8 | 509 | 0 | 5.0258E-4 | 8 | 509 | 0 | 
j30_10_4.rcp | 7.22649E-4 | 10 | 461 | 0 | 8.14597E-4 | 10 | 461 | 1 | 0.001169983 | 10 | 461 | 1 | 6.98373E-4 | 10 | 461 | 5 | 
j30_10_5.rcp | 0.003753735 | 108 | 308 | 0 | 0.00531718 | 108 | 308 | 8 | 0.007779135 | 108 | 308 | 8 | 0.004532728 | 108 | 308 | 8 | 
j30_10_6.rcp | 5.86935E-4 | 10 | 462 | 0 | 7.14529E-4 | 10 | 462 | 1 | 0.001030037 | 10 | 462 | 1 | 6.86795E-4 | 10 | 462 | 3 | 
j30_10_7.rcp | 6.4497E-4 | 10 | 562 | 1 | 7.85843E-4 | 10 | 562 | 3 | 0.001121293 | 10 | 562 | 3 | 7.21404E-4 | 10 | 562 | 4 | 
j30_10_8.rcp | 5.96986E-4 | 9 | 330 | 0 | 7.98978E-4 | 9 | 330 | 1 | 0.001137183 | 9 | 330 | 1 | 6.96894E-4 | 9 | 330 | 4 | 
j30_10_9.rcp | 2.1073456 | 43079 | 335 | 440 | 2.480939 | 43079 | 335 | 4161 | 3.918979 | 43079 | 335 | 4161 | 2.6594381 | 43079 | 335 | 4423 | 
j30_10_10.rcp | 7.16026E-4 | 10 | 426 | 0 | 7.37628E-4 | 10 | 426 | 1 | 9.99997E-4 | 10 | 426 | 1 | 6.61564E-4 | 10 | 426 | 2 | 
j30_11_1.rcp | 4.34575E-4 | 7 | 631 | 0 | 4.96559E-4 | 7 | 631 | 0 | 6.92771E-4 | 7 | 631 | 0 | 4.47063E-4 | 7 | 631 | 1 | 
j30_11_2.rcp | 0.019272285 | 243 | 380 | 0 | 0.023604672 | 243 | 380 | 2 | 0.03753722 | 243 | 380 | 2 | 0.021072825 | 243 | 380 | 2 | 
j30_11_3.rcp | 4.97513E-4 | 8 | 588 | 0 | 5.97079E-4 | 8 | 588 | 1 | 8.54766E-4 | 8 | 588 | 1 | 5.54242E-4 | 8 | 588 | 1 | 
j30_11_4.rcp | 4.87675E-4 | 9 | 613 | 0 | 5.27913E-4 | 9 | 613 | 2 | 7.34148E-4 | 9 | 613 | 2 | 5.05557E-4 | 9 | 613 | 2 | 
j30_11_5.rcp | 7.24102E-4 | 11 | 461 | 1 | 8.43598E-4 | 11 | 461 | 4 | 0.001195466 | 11 | 461 | 4 | 8.1526E-4 | 11 | 461 | 6 | 
j30_11_6.rcp | 5.38327E-4 | 9 | 382 | 0 | 6.57597E-4 | 9 | 382 | 0 | 9.42269E-4 | 9 | 382 | 0 | 6.26135E-4 | 9 | 382 | 1 | 
j30_11_7.rcp | 4.57738E-4 | 9 | 427 | 0 | 5.03158E-4 | 9 | 427 | 0 | 6.97202E-4 | 9 | 427 | 0 | 4.77285E-4 | 9 | 427 | 0 | 
j30_11_8.rcp | 60.00003 | 1065235 | -1 | 42 | 60.00005 | 1590031 | -1 | 23666 | 60.000053 | 1029133 | -1 | 14953 | 60.00005 | 1483152 | -1 | 88256 | 
j30_11_9.rcp | 7.54336E-4 | 8 | 508 | 0 | 8.47479E-4 | 8 | 508 | 0 | 7.70586E-4 | 8 | 508 | 0 | 5.28447E-4 | 8 | 508 | 0 | 
j30_11_10.rcp | 8.10881E-4 | 9 | 438 | 0 | 9.56851E-4 | 9 | 438 | 1 | 0.001254055 | 9 | 438 | 1 | 9.96586E-4 | 9 | 438 | 1 | 
j30_12_1.rcp | 5.95128E-4 | 11 | 416 | 0 | 6.88496E-4 | 11 | 416 | 1 | 9.37835E-4 | 11 | 416 | 1 | 6.00238E-4 | 11 | 416 | 1 | 
j30_12_2.rcp | 3.50997E-4 | 10 | 340 | 0 | 4.32262E-4 | 10 | 340 | 0 | 6.21288E-4 | 10 | 340 | 0 | 4.72903E-4 | 10 | 340 | 0 | 
j30_12_3.rcp | 3.82602E-4 | 10 | 305 | 0 | 4.45966E-4 | 10 | 305 | 0 | 6.44777E-4 | 10 | 305 | 0 | 4.25462E-4 | 10 | 305 | 0 | 
j30_12_4.rcp | 3.53005E-4 | 10 | 505 | 0 | 4.33021E-4 | 10 | 505 | 0 | 6.25454E-4 | 10 | 505 | 0 | 4.2134E-4 | 10 | 505 | 0 | 
j30_12_5.rcp | 4.76244E-4 | 12 | 276 | 0 | 6.63454E-4 | 12 | 276 | 0 | 9.15016E-4 | 12 | 276 | 0 | 5.75E-4 | 12 | 276 | 0 | 
j30_12_6.rcp | 5.23351E-4 | 11 | 270 | 0 | 6.89578E-4 | 11 | 270 | 2 | 9.5979E-4 | 11 | 270 | 2 | 6.32203E-4 | 11 | 270 | 3 | 
j30_12_7.rcp | 5.78166E-4 | 10 | 266 | 0 | 7.51169E-4 | 10 | 266 | 0 | 0.001050993 | 10 | 266 | 0 | 6.53081E-4 | 10 | 266 | 0 | 
j30_12_8.rcp | 4.97508E-4 | 10 | 258 | 0 | 5.28589E-4 | 10 | 258 | 0 | 7.56389E-4 | 10 | 258 | 0 | 4.9871E-4 | 10 | 258 | 0 | 
j30_12_9.rcp | 3.88813E-4 | 10 | 305 | 0 | 6.12782E-4 | 10 | 305 | 1 | 7.2724E-4 | 10 | 305 | 1 | 4.76081E-4 | 10 | 305 | 1 | 
j30_12_10.rcp | 4.47153E-4 | 11 | 334 | 0 | 5.42761E-4 | 11 | 334 | 0 | 7.79199E-4 | 11 | 334 | 0 | 5.19875E-4 | 11 | 334 | 0 | 
j30_13_1.rcp | 60.000107 | 642090 | -1 | 575590 | 60.00006 | 554140 | -1 | 400289 | 60.000137 | 369877 | -1 | 261965 | 60.00007 | 396103 | -1 | 377015 | 
j30_13_2.rcp | 60.00014 | 585661 | -1 | 461207 | 60.00008 | 495158 | -1 | 210837 | 60.00014 | 329778 | -1 | 141254 | 60.000046 | 377589 | -1 | 267153 | 
j30_13_3.rcp | 60.000027 | 548367 | -1 | 337261 | 60.000084 | 411170 | -1 | 266536 | 60.000317 | 263987 | -1 | 169710 | 60.00003 | 396334 | -1 | 265178 | 
j30_13_4.rcp | 60.00005 | 434213 | -1 | 1026557 | 60.00005 | 317847 | -1 | 744701 | 60.00001 | 233315 | -1 | 558571 | 60.000072 | 253128 | -1 | 595216 | 
j30_13_5.rcp | 0.001593741 | 11 | 606 | 4 | 0.001470521 | 11 | 606 | 9 | 0.00216123 | 11 | 606 | 10 | 0.001340752 | 11 | 606 | 15 | 
j30_13_6.rcp | 60.00008 | 848249 | -1 | 314676 | 60.000076 | 687627 | -1 | 223266 | 60.00023 | 437609 | -1 | 123266 | 60.00004 | 461251 | -1 | 189884 | 
j30_13_7.rcp | 60.00018 | 456136 | -1 | 1363177 | 60.000008 | 384724 | -1 | 516784 | 60.000233 | 275061 | -1 | 374051 | 60.000202 | 312921 | -1 | 420585 | 
j30_13_8.rcp | 60.00002 | 892825 | -1 | 604066 | 60.000042 | 615321 | -1 | 456840 | 60.000095 | 466021 | -1 | 346318 | 60.00008 | 577712 | -1 | 6883 | 
j30_13_9.rcp | 27.54002 | 164439 | 484 | 276160 | 27.111334 | 164439 | 484 | 203453 | 42.140697 | 164439 | 484 | 209144 | 29.06828 | 157561 | 484 | 226430 | 
j30_13_10.rcp | 60.000122 | 418871 | -1 | 352270 | 60.000206 | 299868 | -1 | 336671 | 60.000103 | 208418 | -1 | 266954 | 60.00042 | 287322 | -1 | 416590 | 
j30_14_1.rcp | 8.68555E-4 | 9 | 252 | 0 | 9.48929E-4 | 9 | 252 | 3 | 0.001266907 | 9 | 252 | 3 | 8.39162E-4 | 9 | 252 | 3 | 
j30_14_2.rcp | 60.00007 | 685491 | -1 | 148033 | 60.000008 | 583024 | -1 | 68673 | 60.000015 | 369343 | -1 | 30760 | 60.000027 | 492880 | -1 | 143806 | 
j30_14_3.rcp | 9.3767E-4 | 8 | 392 | 1 | 0.001064721 | 8 | 392 | 5 | 0.001601884 | 8 | 392 | 5 | 0.001070402 | 8 | 392 | 9 | 
j30_14_4.rcp | 0.002405088 | 23 | 313 | 1 | 0.002890025 | 23 | 313 | 4 | 0.004660569 | 23 | 313 | 4 | 0.003765966 | 23 | 313 | 14 | 
j30_14_5.rcp | 7.58136E-4 | 10 | 410 | 0 | 9.01142E-4 | 10 | 410 | 1 | 0.001284219 | 10 | 410 | 1 | 9.59825E-4 | 10 | 410 | 2 | 
j30_14_6.rcp | 6.52828E-4 | 8 | 284 | 0 | 7.83261E-4 | 8 | 284 | 3 | 0.001160393 | 8 | 284 | 3 | 7.86818E-4 | 8 | 284 | 3 | 
j30_14_7.rcp | 0.001112423 | 12 | 386 | 1 | 0.001212469 | 12 | 386 | 2 | 0.00231411 | 12 | 386 | 4 | 0.00143648 | 12 | 386 | 9 | 
j30_14_8.rcp | 6.52233E-4 | 9 | 532 | 1 | 7.71176E-4 | 9 | 532 | 1 | 0.001044794 | 9 | 532 | 1 | 6.94576E-4 | 9 | 532 | 2 | 
j30_14_9.rcp | 8.80566E-4 | 10 | 433 | 2 | 0.001023241 | 10 | 433 | 2 | 0.001540564 | 10 | 433 | 2 | 0.001020963 | 10 | 433 | 3 | 
j30_14_10.rcp | 0.006447389 | 61 | 265 | 0 | 0.008236319 | 61 | 265 | 5 | 0.01341665 | 61 | 265 | 5 | 0.00961002 | 61 | 265 | 11 | 
j30_15_1.rcp | 0.007430745 | 95 | 338 | 0 | 0.007711701 | 95 | 338 | 6 | 0.012316254 | 95 | 338 | 6 | 0.008560331 | 95 | 338 | 6 | 
j30_15_2.rcp | 0.001037917 | 9 | 481 | 0 | 6.7044E-4 | 9 | 481 | 0 | 0.001575256 | 9 | 481 | 0 | 8.34958E-4 | 9 | 481 | 0 | 
j30_15_3.rcp | 0.001300954 | 10 | 260 | 0 | 0.001382365 | 10 | 260 | 0 | 0.002066772 | 10 | 260 | 0 | 0.001273287 | 10 | 260 | 1 | 
j30_15_4.rcp | 8.24005E-4 | 10 | 253 | 0 | 8.89609E-4 | 10 | 253 | 0 | 0.001287654 | 10 | 253 | 0 | 8.16309E-4 | 10 | 253 | 0 | 
j30_15_5.rcp | 8.14804E-4 | 9 | 588 | 0 | 8.81115E-4 | 9 | 588 | 1 | 0.001246079 | 9 | 588 | 1 | 7.31289E-4 | 9 | 588 | 6 | 
j30_15_6.rcp | 5.28296E-4 | 9 | 679 | 0 | 6.05813E-4 | 9 | 679 | 1 | 8.98175E-4 | 9 | 679 | 1 | 7.40405E-4 | 9 | 679 | 1 | 
j30_15_7.rcp | 0.001493609 | 22 | 302 | 1 | 0.002648476 | 22 | 302 | 3 | 0.002695388 | 22 | 302 | 3 | 0.001853813 | 22 | 302 | 4 | 
j30_15_8.rcp | 0.001223298 | 10 | 576 | 0 | 8.93481E-4 | 10 | 576 | 0 | 0.001335552 | 10 | 576 | 0 | 8.43042E-4 | 10 | 576 | 2 | 
j30_15_9.rcp | 0.006939019 | 99 | 333 | 0 | 0.008708775 | 99 | 333 | 1 | 0.015429984 | 99 | 333 | 1 | 0.0084403 | 99 | 333 | 3 | 
j30_15_10.rcp | 4.7628E-4 | 8 | 523 | 0 | 5.77616E-4 | 8 | 523 | 0 | 8.06292E-4 | 8 | 523 | 0 | 5.84906E-4 | 8 | 523 | 0 | 
j30_16_1.rcp | 9.9604E-4 | 11 | 318 | 0 | 0.001336373 | 11 | 318 | 3 | 0.001801326 | 11 | 318 | 3 | 0.001246216 | 11 | 318 | 3 | 
j30_16_2.rcp | 6.7187E-4 | 10 | 510 | 0 | 0.002085911 | 10 | 510 | 0 | 0.001031035 | 10 | 510 | 0 | 7.40753E-4 | 10 | 510 | 0 | 
j30_16_3.rcp | 5.44977E-4 | 10 | 255 | 0 | 5.8588E-4 | 10 | 255 | 0 | 8.71688E-4 | 10 | 255 | 0 | 6.61002E-4 | 10 | 255 | 0 | 
j30_16_4.rcp | 5.6287E-4 | 10 | 304 | 0 | 6.27805E-4 | 10 | 304 | 0 | 9.30136E-4 | 10 | 304 | 0 | 6.39897E-4 | 10 | 304 | 0 | 
j30_16_5.rcp | 5.52639E-4 | 10 | 287 | 0 | 6.92374E-4 | 10 | 287 | 0 | 0.001173427 | 10 | 287 | 0 | 9.12691E-4 | 10 | 287 | 0 | 
j30_16_6.rcp | 8.26786E-4 | 10 | 382 | 0 | 8.5221E-4 | 10 | 382 | 0 | 0.001011498 | 10 | 382 | 0 | 6.89524E-4 | 10 | 382 | 0 | 
j30_16_7.rcp | 5.64065E-4 | 10 | 428 | 0 | 7.32773E-4 | 10 | 428 | 0 | 9.98244E-4 | 10 | 428 | 0 | 7.65039E-4 | 10 | 428 | 0 | 
j30_16_8.rcp | 7.29583E-4 | 11 | 326 | 0 | 8.16408E-4 | 11 | 326 | 0 | 0.001170368 | 11 | 326 | 0 | 8.35142E-4 | 11 | 326 | 0 | 
j30_16_9.rcp | 4.77705E-4 | 8 | 484 | 0 | 8.45332E-4 | 8 | 484 | 0 | 9.59744E-4 | 8 | 484 | 0 | 6.09923E-4 | 8 | 484 | 0 | 
j30_16_10.rcp | 4.98954E-4 | 9 | 381 | 0 | 6.11835E-4 | 9 | 381 | 0 | 9.12721E-4 | 9 | 381 | 0 | 6.56543E-4 | 9 | 381 | 0 | 
j30_17_1.rcp | 2.52167E-4 | 11 | 680 | 2 | 1.63183E-4 | 11 | 680 | 6 | 2.17419E-4 | 11 | 680 | 6 | 1.82853E-4 | 11 | 680 | 6 | 
j30_17_2.rcp | 1.77016E-4 | 10 | 589 | 2 | 1.53971E-4 | 10 | 589 | 4 | 1.92766E-4 | 10 | 589 | 4 | 1.49479E-4 | 10 | 589 | 4 | 
j30_17_3.rcp | 1.64265E-4 | 10 | 492 | 1 | 1.86943E-4 | 10 | 492 | 1 | 2.4136E-4 | 10 | 492 | 1 | 1.7901E-4 | 10 | 492 | 1 | 
j30_17_4.rcp | 2.51741E-4 | 25 | 481 | 3 | 2.34281E-4 | 25 | 481 | 5 | 2.95462E-4 | 25 | 481 | 5 | 2.43785E-4 | 25 | 481 | 5 | 
j30_17_5.rcp | 2.16351E-4 | 9 | 409 | 3 | 4.53181E-4 | 9 | 409 | 6 | 3.44497E-4 | 9 | 409 | 6 | 2.76967E-4 | 9 | 409 | 6 | 
j30_17_6.rcp | 1.95308E-4 | 9 | 489 | 3 | 1.55861E-4 | 9 | 489 | 4 | 1.83601E-4 | 9 | 489 | 4 | 1.62508E-4 | 9 | 489 | 4 | 
j30_17_7.rcp | 3.91635E-4 | 30 | 486 | 4 | 3.52133E-4 | 30 | 486 | 6 | 4.58131E-4 | 30 | 486 | 6 | 3.78667E-4 | 30 | 486 | 6 | 
j30_17_8.rcp | 0.002128148 | 110 | 390 | 10 | 0.002426547 | 110 | 390 | 10 | 0.003541986 | 110 | 390 | 10 | 0.002765661 | 110 | 390 | 12 | 
j30_17_9.rcp | 0.002278768 | 70 | 347 | 1 | 0.001094931 | 70 | 347 | 1 | 0.001492412 | 70 | 347 | 1 | 9.91141E-4 | 70 | 347 | 4 | 
j30_17_10.rcp | 2.16848E-4 | 9 | 409 | 6 | 2.2484E-4 | 9 | 409 | 8 | 2.66178E-4 | 9 | 409 | 8 | 1.90637E-4 | 9 | 409 | 8 | 
j30_18_1.rcp | 1.38131E-4 | 9 | 233 | 2 | 1.6219E-4 | 9 | 233 | 3 | 2.73112E-4 | 9 | 233 | 3 | 1.68855E-4 | 9 | 233 | 3 | 
j30_18_2.rcp | 1.58076E-4 | 9 | 407 | 1 | 1.84557E-4 | 9 | 407 | 1 | 2.45796E-4 | 9 | 407 | 1 | 4.22193E-4 | 9 | 407 | 2 | 
j30_18_3.rcp | 1.95027E-4 | 9 | 432 | 2 | 2.85682E-4 | 9 | 432 | 2 | 3.14334E-4 | 9 | 432 | 2 | 1.52163E-4 | 9 | 432 | 2 | 
j30_18_4.rcp | 3.6796E-4 | 20 | 561 | 4 | 3.6606E-4 | 20 | 561 | 6 | 4.60901E-4 | 20 | 561 | 6 | 3.49709E-4 | 20 | 561 | 6 | 
j30_18_5.rcp | 1.99282E-4 | 9 | 504 | 0 | 1.89787E-4 | 9 | 504 | 1 | 2.4639E-4 | 9 | 504 | 1 | 2.25486E-4 | 9 | 504 | 1 | 
j30_18_6.rcp | 1.52918E-4 | 9 | 427 | 0 | 1.74858E-4 | 9 | 427 | 0 | 2.43648E-4 | 9 | 427 | 0 | 1.68974E-4 | 9 | 427 | 0 | 
j30_18_7.rcp | 2.12266E-4 | 9 | 333 | 0 | 2.13295E-4 | 9 | 333 | 3 | 2.6208E-4 | 9 | 333 | 3 | 1.79515E-4 | 9 | 333 | 4 | 
j30_18_8.rcp | 1.51143E-4 | 10 | 310 | 0 | 1.58035E-4 | 10 | 310 | 0 | 2.11419E-4 | 10 | 310 | 0 | 1.54921E-4 | 10 | 310 | 0 | 
j30_18_9.rcp | 0.001298856 | 92 | 385 | 15 | 0.001536005 | 92 | 385 | 5 | 0.001987877 | 92 | 385 | 5 | 0.001451806 | 92 | 385 | 5 | 
j30_18_10.rcp | 4.48356E-4 | 20 | 434 | 14 | 5.14189E-4 | 20 | 434 | 3 | 6.51397E-4 | 20 | 434 | 3 | 3.80339E-4 | 20 | 434 | 10 | 
j30_19_1.rcp | 1.51036E-4 | 10 | 281 | 1 | 1.65684E-4 | 10 | 281 | 2 | 2.15231E-4 | 10 | 281 | 2 | 1.62137E-4 | 10 | 281 | 2 | 
j30_19_2.rcp | 1.5906E-4 | 10 | 606 | 1 | 1.81057E-4 | 10 | 606 | 1 | 2.25E-4 | 10 | 606 | 1 | 1.51601E-4 | 10 | 606 | 1 | 
j30_19_3.rcp | 5.48934E-4 | 23 | 688 | 2 | 3.09237E-4 | 23 | 688 | 3 | 3.98206E-4 | 23 | 688 | 3 | 3.00457E-4 | 23 | 688 | 3 | 
j30_19_4.rcp | 1.90947E-4 | 8 | 479 | 1 | 1.74148E-4 | 8 | 479 | 1 | 2.11783E-4 | 8 | 479 | 1 | 1.50676E-4 | 8 | 479 | 2 | 
j30_19_5.rcp | 1.73519E-4 | 8 | 310 | 1 | 1.93579E-4 | 8 | 310 | 2 | 2.41569E-4 | 8 | 310 | 2 | 1.86365E-4 | 8 | 310 | 2 | 
j30_19_6.rcp | 1.25822E-4 | 10 | 313 | 0 | 1.39405E-4 | 10 | 313 | 1 | 1.78494E-4 | 10 | 313 | 1 | 1.37149E-4 | 10 | 313 | 1 | 
j30_19_7.rcp | 1.21077E-4 | 9 | 368 | 2 | 1.3536E-4 | 9 | 368 | 3 | 1.67102E-4 | 9 | 368 | 3 | 1.32095E-4 | 9 | 368 | 3 | 
j30_19_8.rcp | 1.27851E-4 | 10 | 630 | 0 | 1.70948E-4 | 10 | 630 | 0 | 2.31422E-4 | 10 | 630 | 0 | 1.59892E-4 | 10 | 630 | 0 | 
j30_19_9.rcp | 1.58653E-4 | 10 | 340 | 1 | 1.75821E-4 | 10 | 340 | 2 | 2.06105E-4 | 10 | 340 | 2 | 1.61221E-4 | 10 | 340 | 2 | 
j30_19_10.rcp | 1.37672E-4 | 7 | 532 | 0 | 1.51521E-4 | 7 | 532 | 1 | 1.92707E-4 | 7 | 532 | 1 | 1.46252E-4 | 7 | 532 | 1 | 
j30_20_1.rcp | 1.37777E-4 | 10 | 382 | 0 | 1.57122E-4 | 10 | 382 | 0 | 1.98568E-4 | 10 | 382 | 0 | 1.52052E-4 | 10 | 382 | 0 | 
j30_20_2.rcp | 1.4655E-4 | 10 | 475 | 4 | 1.72237E-4 | 10 | 475 | 3 | 2.16557E-4 | 10 | 475 | 4 | 2.2986E-4 | 10 | 475 | 4 | 
j30_20_3.rcp | 1.19443E-4 | 11 | 503 | 0 | 1.33404E-4 | 11 | 503 | 0 | 1.92854E-4 | 11 | 503 | 0 | 1.43473E-4 | 11 | 503 | 0 | 
j30_20_4.rcp | 1.50137E-4 | 10 | 409 | 1 | 1.53513E-4 | 10 | 409 | 1 | 1.72302E-4 | 10 | 409 | 1 | 1.34398E-4 | 10 | 409 | 1 | 
j30_20_5.rcp | 0.001612572 | 78 | 252 | 65 | 0.001588393 | 78 | 252 | 77 | 0.00192308 | 78 | 252 | 77 | 0.001800087 | 78 | 252 | 93 | 
j30_20_6.rcp | 1.45817E-4 | 9 | 311 | 1 | 1.52302E-4 | 9 | 311 | 1 | 1.87416E-4 | 9 | 311 | 1 | 1.47448E-4 | 9 | 311 | 1 | 
j30_20_7.rcp | 1.18537E-4 | 8 | 453 | 0 | 1.35446E-4 | 8 | 453 | 0 | 1.71596E-4 | 8 | 453 | 0 | 1.30779E-4 | 8 | 453 | 0 | 
j30_20_8.rcp | 1.25762E-4 | 8 | 559 | 0 | 1.44461E-4 | 8 | 559 | 0 | 1.75339E-4 | 8 | 559 | 0 | 1.3752E-4 | 8 | 559 | 0 | 
j30_20_9.rcp | 1.55149E-4 | 10 | 286 | 0 | 1.50619E-4 | 10 | 286 | 0 | 1.88073E-4 | 10 | 286 | 0 | 1.45327E-4 | 10 | 286 | 0 | 
j30_20_10.rcp | 1.23345E-4 | 10 | 403 | 0 | 1.38919E-4 | 10 | 403 | 0 | 1.7231E-4 | 10 | 403 | 0 | 1.33676E-4 | 10 | 403 | 0 | 
j30_21_1.rcp | 60.00001 | 1187181 | -1 | 2626826 | 60.000065 | 859516 | -1 | 1944774 | 60.000042 | 643083 | -1 | 1467903 | 60.00001 | 955423 | -1 | 2075747 | 
j30_21_2.rcp | 0.001711123 | 30 | 284 | 33 | 0.001657572 | 30 | 284 | 32 | 0.002004834 | 30 | 284 | 32 | 0.001464464 | 30 | 284 | 32 | 
j30_21_3.rcp | 0.019986186 | 708 | 762 | 250 | 0.0293632 | 708 | 762 | 284 | 0.038860157 | 708 | 762 | 284 | 0.03015436 | 708 | 762 | 299 | 
j30_21_4.rcp | 0.004250547 | 59 | 385 | 87 | 0.004858109 | 59 | 385 | 83 | 0.006178221 | 59 | 385 | 83 | 0.004202369 | 59 | 385 | 99 | 
j30_21_5.rcp | 0.003195196 | 46 | 636 | 31 | 0.002895557 | 46 | 636 | 33 | 0.003694295 | 46 | 636 | 33 | 0.002520591 | 46 | 636 | 35 | 
j30_21_6.rcp | 0.001734152 | 30 | 370 | 39 | 0.002170392 | 30 | 370 | 46 | 0.002615936 | 30 | 370 | 46 | 0.001864536 | 30 | 370 | 44 | 
j30_21_7.rcp | 0.030545887 | 949 | 586 | 917 | 0.041617505 | 949 | 586 | 657 | 0.055206966 | 949 | 586 | 657 | 0.040531874 | 949 | 586 | 758 | 
j30_21_8.rcp | 60.0001 | 1158075 | -1 | 2312674 | 60.000156 | 936647 | -1 | 1593652 | 60.00001 | 746576 | -1 | 1368256 | 60.000034 | 924408 | -1 | 1916793 | 
j30_21_9.rcp | 60.000008 | 3704756 | -1 | 3814440 | 60.000042 | 2547138 | -1 | 2654149 | 60.000015 | 2002295 | -1 | 2072626 | 60.00001 | 2692554 | -1 | 2207186 | 
j30_21_10.rcp | 60.000015 | 1605740 | -1 | 2185325 | 60.00001 | 1637479 | -1 | 2118255 | 60.00003 | 1252679 | -1 | 1643346 | 60.00005 | 1917661 | -1 | 2396052 | 
j30_22_1.rcp | 4.81415E-4 | 8 | 352 | 1 | 4.88134E-4 | 8 | 352 | 4 | 6.42209E-4 | 8 | 352 | 4 | 4.66355E-4 | 8 | 352 | 4 | 
j30_22_2.rcp | 3.16184E-4 | 11 | 309 | 0 | 4.71689E-4 | 11 | 309 | 0 | 5.0955E-4 | 11 | 309 | 0 | 3.20109E-4 | 11 | 309 | 0 | 
j30_22_3.rcp | 2.50406E-4 | 11 | 635 | 0 | 3.18538E-4 | 11 | 635 | 0 | 4.29296E-4 | 11 | 635 | 0 | 2.92426E-4 | 11 | 635 | 0 | 
j30_22_4.rcp | 3.51465E-4 | 9 | 328 | 0 | 4.1507E-4 | 9 | 328 | 1 | 5.70838E-4 | 9 | 328 | 1 | 3.38709E-4 | 9 | 328 | 1 | 
j30_22_5.rcp | 6.23881E-4 | 20 | 320 | 1 | 7.29946E-4 | 20 | 320 | 19 | 0.00110068 | 20 | 320 | 19 | 7.41913E-4 | 20 | 320 | 19 | 
j30_22_6.rcp | 4.25718E-4 | 9 | 507 | 0 | 6.88599E-4 | 9 | 507 | 1 | 7.34965E-4 | 9 | 507 | 1 | 4.3849E-4 | 9 | 507 | 3 | 
j30_22_7.rcp | 3.33001E-4 | 10 | 334 | 1 | 4.20868E-4 | 10 | 334 | 2 | 6.73075E-4 | 10 | 334 | 2 | 3.85104E-4 | 10 | 334 | 4 | 
j30_22_8.rcp | 2.05291E-4 | 9 | 460 | 0 | 2.44765E-4 | 9 | 460 | 2 | 3.20268E-4 | 9 | 460 | 2 | 2.33069E-4 | 9 | 460 | 2 | 
j30_22_9.rcp | 2.88866E-4 | 10 | 495 | 3 | 3.66165E-4 | 10 | 495 | 3 | 4.73953E-4 | 10 | 495 | 3 | 3.21909E-4 | 10 | 495 | 3 | 
j30_22_10.rcp | 3.16765E-4 | 9 | 409 | 0 | 3.80306E-4 | 9 | 409 | 2 | 5.66282E-4 | 9 | 409 | 2 | 3.66946E-4 | 9 | 409 | 2 | 
j30_23_1.rcp | 4.77555E-4 | 9 | 544 | 0 | 3.40302E-4 | 9 | 544 | 3 | 4.33473E-4 | 9 | 544 | 3 | 2.99416E-4 | 9 | 544 | 3 | 
j30_23_2.rcp | 2.4197E-4 | 9 | 503 | 0 | 2.959E-4 | 9 | 503 | 0 | 3.97741E-4 | 9 | 503 | 0 | 2.88703E-4 | 9 | 503 | 0 | 
j30_23_3.rcp | 4.5385E-4 | 10 | 385 | 1 | 5.46619E-4 | 10 | 385 | 1 | 7.31128E-4 | 10 | 385 | 1 | 5.08034E-4 | 10 | 385 | 2 | 
j30_23_4.rcp | 0.002754758 | 64 | 461 | 61 | 0.00352016 | 64 | 461 | 78 | 0.005202995 | 64 | 461 | 78 | 0.003792285 | 64 | 461 | 84 | 
j30_23_5.rcp | 4.20062E-4 | 10 | 363 | 1 | 4.5177E-4 | 10 | 363 | 2 | 6.37993E-4 | 10 | 363 | 2 | 4.27486E-4 | 10 | 363 | 3 | 
j30_23_6.rcp | 3.1653E-4 | 10 | 302 | 0 | 4.03034E-4 | 10 | 302 | 1 | 5.65158E-4 | 10 | 302 | 1 | 4.22216E-4 | 10 | 302 | 1 | 
j30_23_7.rcp | 3.26783E-4 | 9 | 535 | 0 | 5.43016E-4 | 9 | 535 | 2 | 5.74403E-4 | 9 | 535 | 2 | 4.33517E-4 | 9 | 535 | 2 | 
j30_23_8.rcp | 1.83456E-4 | 8 | 384 | 0 | 2.24906E-4 | 8 | 384 | 0 | 0.001246769 | 8 | 384 | 0 | 2.15278E-4 | 8 | 384 | 0 | 
j30_23_9.rcp | 0.006559966 | 305 | 477 | 11 | 0.010182647 | 305 | 477 | 9 | 0.016444435 | 305 | 477 | 9 | 0.010473939 | 305 | 477 | 9 | 
j30_23_10.rcp | 3.92753E-4 | 10 | 518 | 1 | 3.90897E-4 | 10 | 518 | 2 | 5.2414E-4 | 10 | 518 | 2 | 3.4846E-4 | 10 | 518 | 2 | 
j30_24_1.rcp | 3.6049E-4 | 9 | 432 | 0 | 3.48129E-4 | 9 | 432 | 0 | 5.2609E-4 | 9 | 432 | 0 | 3.37983E-4 | 9 | 432 | 0 | 
j30_24_2.rcp | 0.004142997 | 136 | 278 | 0 | 0.003934668 | 136 | 278 | 0 | 0.006520342 | 136 | 278 | 0 | 0.003509954 | 136 | 278 | 0 | 
j30_24_3.rcp | 0.026738549 | 508 | 458 | 3 | 0.022757323 | 508 | 458 | 6 | 0.03554588 | 508 | 458 | 6 | 0.02675094 | 508 | 458 | 54 | 
j30_24_4.rcp | 3.26464E-4 | 10 | 411 | 0 | 3.29367E-4 | 10 | 411 | 0 | 4.00022E-4 | 10 | 411 | 0 | 2.90838E-4 | 10 | 411 | 0 | 
j30_24_5.rcp | 2.89295E-4 | 8 | 613 | 0 | 3.44978E-4 | 8 | 613 | 0 | 4.90275E-4 | 8 | 613 | 0 | 3.39486E-4 | 8 | 613 | 1 | 
j30_24_6.rcp | 2.67076E-4 | 8 | 465 | 0 | 3.43868E-4 | 8 | 465 | 0 | 4.37375E-4 | 8 | 465 | 0 | 2.98079E-4 | 8 | 465 | 0 | 
j30_24_7.rcp | 2.69674E-4 | 10 | 511 | 1 | 3.34712E-4 | 10 | 511 | 1 | 4.56067E-4 | 10 | 511 | 1 | 3.14385E-4 | 10 | 511 | 1 | 
j30_24_8.rcp | 3.15339E-4 | 10 | 309 | 0 | 3.29636E-4 | 10 | 309 | 0 | 4.57884E-4 | 10 | 309 | 0 | 3.58641E-4 | 10 | 309 | 0 | 
j30_24_9.rcp | 2.35719E-4 | 11 | 508 | 0 | 3.23184E-4 | 11 | 508 | 0 | 4.21189E-4 | 11 | 508 | 0 | 3.63209E-4 | 11 | 508 | 0 | 
j30_24_10.rcp | 3.04282E-4 | 9 | 405 | 0 | 3.72382E-4 | 9 | 405 | 0 | 4.95745E-4 | 9 | 405 | 0 | 3.37626E-4 | 9 | 405 | 0 | 
j30_25_1.rcp | 60.00003 | 742224 | -1 | 1088617 | 60.000088 | 610187 | -1 | 601694 | 60.0001 | 428791 | -1 | 586430 | 60.000076 | 570053 | -1 | 998604 | 
j30_25_2.rcp | 60.000027 | 812472 | -1 | 1058531 | 60.000027 | 667118 | -1 | 880447 | 60.0001 | 445814 | -1 | 576669 | 60.000046 | 724968 | -1 | 1041385 | 
j30_25_3.rcp | 60.000156 | 729288 | -1 | 1061473 | 60.000095 | 556846 | -1 | 821970 | 60.000202 | 439688 | -1 | 555168 | 60.000008 | 415444 | -1 | 437846 | 
j30_25_4.rcp | 20.728582 | 288190 | 574 | 380044 | 28.128258 | 288190 | 574 | 423960 | 38.977875 | 288190 | 574 | 423961 | 27.232487 | 288190 | 574 | 402082 | 
j30_25_5.rcp | 60.000027 | 1116763 | -1 | 1073861 | 60.000065 | 768205 | -1 | 701516 | 60.000103 | 523357 | -1 | 477393 | 60.00001 | 884834 | -1 | 589107 | 
j30_25_6.rcp | 60.00002 | 780823 | -1 | 939533 | 60.000076 | 519973 | -1 | 758823 | 60.000072 | 384650 | -1 | 571220 | 60.000027 | 484748 | -1 | 711609 | 
j30_25_7.rcp | 60.000046 | 1106002 | -1 | 1868547 | 60.000034 | 863650 | -1 | 983565 | 60.000053 | 607895 | -1 | 621095 | 60.00001 | 646717 | -1 | 1872541 | 
j30_25_8.rcp | 60.000023 | 924904 | -1 | 2004781 | 60.00018 | 693017 | -1 | 1384428 | 60.00006 | 572051 | -1 | 1028143 | 60.000504 | 499905 | -1 | 809407 | 
j30_25_9.rcp | 60.000065 | 937378 | -1 | 556859 | 60.000046 | 1164438 | -1 | 94700 | 60.00005 | 746590 | -1 | 66243 | 60.000034 | 1220820 | -1 | 94757 | 
j30_25_10.rcp | 0.20465188 | 3703 | 407 | 9148 | 0.34460953 | 3703 | 407 | 9153 | 0.4397299 | 3703 | 407 | 9153 | 0.36764342 | 3703 | 407 | 9179 | 
j30_26_1.rcp | 0.002685297 | 41 | 413 | 1 | 0.003071847 | 41 | 413 | 4 | 0.005125627 | 41 | 413 | 4 | 0.003424689 | 41 | 413 | 44 | 
j30_26_2.rcp | 4.06368E-4 | 9 | 353 | 0 | 5.11209E-4 | 9 | 353 | 0 | 7.44385E-4 | 9 | 353 | 0 | 4.94602E-4 | 9 | 353 | 0 | 
j30_26_3.rcp | 6.79007E-4 | 8 | 738 | 0 | 8.21636E-4 | 8 | 738 | 4 | 0.001143234 | 8 | 738 | 4 | 6.55813E-4 | 8 | 738 | 4 | 
j30_26_4.rcp | 6.42959E-4 | 9 | 421 | 0 | 7.43478E-4 | 9 | 421 | 2 | 9.70647E-4 | 9 | 421 | 2 | 6.34012E-4 | 9 | 421 | 3 | 
j30_26_5.rcp | 0.009199496 | 193 | 436 | 1 | 0.009482337 | 193 | 436 | 66 | 0.015325965 | 193 | 436 | 66 | 0.010857247 | 193 | 436 | 93 | 
j30_26_6.rcp | 0.009238952 | 80 | 436 | 38 | 0.009472683 | 80 | 436 | 72 | 0.01480415 | 80 | 436 | 72 | 0.008692601 | 80 | 436 | 122 | 
j30_26_7.rcp | 5.32762E-4 | 8 | 464 | 1 | 6.04375E-4 | 8 | 464 | 2 | 8.81874E-4 | 8 | 464 | 2 | 6.01782E-4 | 8 | 464 | 2 | 
j30_26_8.rcp | 0.20551527 | 3250 | 216 | 1332 | 0.23749718 | 3250 | 216 | 603 | 0.41453168 | 3250 | 216 | 1340 | 0.30353114 | 3250 | 216 | 1478 | 
j30_26_9.rcp | 0.00567747 | 64 | 387 | 35 | 0.00820197 | 64 | 387 | 67 | 0.012383196 | 64 | 387 | 67 | 0.007097393 | 64 | 387 | 39 | 
j30_26_10.rcp | 60.000053 | 685185 | -1 | 965 | 60.00002 | 502939 | -1 | 190221 | 60.000046 | 311454 | -1 | 117983 | 60.00003 | 518498 | -1 | 451622 | 
j30_27_1.rcp | 7.61903E-4 | 9 | 354 | 1 | 7.89464E-4 | 9 | 354 | 3 | 0.001192846 | 9 | 354 | 3 | 7.41068E-4 | 9 | 354 | 5 | 
j30_27_2.rcp | 4.9028E-4 | 8 | 615 | 0 | 5.82898E-4 | 8 | 615 | 0 | 7.11806E-4 | 8 | 615 | 0 | 4.85954E-4 | 8 | 615 | 0 | 
j30_27_3.rcp | 6.85179E-4 | 9 | 276 | 0 | 8.46348E-4 | 9 | 276 | 1 | 0.001216482 | 9 | 276 | 1 | 7.47493E-4 | 9 | 276 | 1 | 
j30_27_4.rcp | 60.00004 | 515212 | -1 | 223329 | 60.00002 | 374088 | -1 | 206048 | 60.000248 | 234258 | -1 | 136344 | 60.000015 | 397767 | -1 | 232680 | 
j30_27_5.rcp | 5.23364E-4 | 10 | 459 | 0 | 6.62487E-4 | 10 | 459 | 1 | 8.64671E-4 | 10 | 459 | 1 | 5.4481E-4 | 10 | 459 | 1 | 
j30_27_6.rcp | 4.67557E-4 | 8 | 505 | 0 | 5.4758E-4 | 8 | 505 | 2 | 7.88196E-4 | 8 | 505 | 2 | 5.10898E-4 | 8 | 505 | 3 | 
j30_27_7.rcp | 4.81756E-4 | 10 | 360 | 0 | 6.11321E-4 | 10 | 360 | 1 | 9.55189E-4 | 10 | 360 | 1 | 5.80275E-4 | 10 | 360 | 1 | 
j30_27_8.rcp | 7.69826E-4 | 11 | 412 | 1 | 8.99091E-4 | 11 | 412 | 5 | 0.001301842 | 11 | 412 | 5 | 8.59876E-4 | 11 | 412 | 8 | 
j30_27_9.rcp | 3.91062E-4 | 8 | 417 | 0 | 4.39689E-4 | 8 | 417 | 2 | 6.35783E-4 | 8 | 417 | 2 | 4.47157E-4 | 8 | 417 | 2 | 
j30_27_10.rcp | 6.07331E-4 | 10 | 361 | 0 | 0.001449473 | 10 | 361 | 1 | 0.001038064 | 10 | 361 | 1 | 7.1028E-4 | 10 | 361 | 2 | 
j30_28_1.rcp | 3.9771E-4 | 8 | 347 | 0 | 4.4709E-4 | 8 | 347 | 0 | 6.38853E-4 | 8 | 347 | 0 | 4.29351E-4 | 8 | 347 | 0 | 
j30_28_2.rcp | 0.00443373 | 102 | 371 | 0 | 0.002634225 | 102 | 371 | 50 | 0.004089471 | 102 | 371 | 50 | 0.003051994 | 102 | 371 | 50 | 
j30_28_3.rcp | 6.89745E-4 | 10 | 402 | 0 | 6.90511E-4 | 10 | 402 | 2 | 0.001026078 | 10 | 402 | 2 | 8.04248E-4 | 10 | 402 | 2 | 
j30_28_4.rcp | 5.95281E-4 | 11 | 314 | 0 | 7.00309E-4 | 11 | 314 | 1 | 0.001007544 | 11 | 314 | 1 | 6.15191E-4 | 11 | 314 | 1 | 
j30_28_5.rcp | 4.30093E-4 | 8 | 439 | 0 | 5.20716E-4 | 8 | 439 | 0 | 7.33142E-4 | 8 | 439 | 0 | 4.54969E-4 | 8 | 439 | 0 | 
j30_28_6.rcp | 4.29174E-4 | 10 | 446 | 0 | 5.02243E-4 | 10 | 446 | 0 | 7.04808E-4 | 10 | 446 | 0 | 4.88704E-4 | 10 | 446 | 0 | 
j30_28_7.rcp | 5.05799E-4 | 9 | 311 | 0 | 6.88364E-4 | 9 | 311 | 0 | 9.64097E-4 | 9 | 311 | 0 | 6.51656E-4 | 9 | 311 | 0 | 
j30_28_8.rcp | 4.38777E-4 | 10 | 727 | 0 | 5.33136E-4 | 10 | 727 | 0 | 7.47564E-4 | 10 | 727 | 0 | 5.18749E-4 | 10 | 727 | 0 | 
j30_28_9.rcp | 4.23552E-4 | 9 | 532 | 0 | 4.9153E-4 | 9 | 532 | 1 | 6.93765E-4 | 9 | 532 | 1 | 4.70698E-4 | 9 | 532 | 1 | 
j30_28_10.rcp | 3.71871E-4 | 9 | 533 | 0 | 4.63196E-4 | 9 | 533 | 0 | 6.45386E-4 | 9 | 533 | 0 | 4.45337E-4 | 9 | 533 | 0 | 
j30_29_1.rcp | 60.000042 | 524713 | -1 | 651159 | 60.000256 | 416095 | -1 | 509062 | 60.00009 | 295110 | -1 | 344280 | 60.00007 | 407084 | -1 | 398789 | 
j30_29_2.rcp | 0.009736615 | 80 | 620 | 92 | 0.010697192 | 80 | 620 | 114 | 0.015136143 | 80 | 620 | 114 | 0.009763709 | 80 | 620 | 124 | 
j30_29_3.rcp | 60.000145 | 399207 | -1 | 810470 | 60.000046 | 323142 | -1 | 574400 | 60.000263 | 227244 | -1 | 467577 | 60.00018 | 341569 | -1 | 355158 | 
j30_29_4.rcp | 60.000175 | 510925 | -1 | 482547 | 60.00021 | 369912 | -1 | 356722 | 60.000134 | 250263 | -1 | 243164 | 60.000023 | 430380 | -1 | 350921 | 
j30_29_5.rcp | 60.000053 | 771626 | -1 | 242407 | 60.000027 | 493155 | -1 | 110076 | 60.000088 | 484217 | -1 | 106018 | 60.000237 | 198826 | -1 | 1161 | 
j30_29_6.rcp | 60.00043 | 1518906 | -1 | 919165 | 60.000107 | 1096185 | -1 | 718089 | 60.000023 | 730807 | -1 | 497628 | 60.00007 | 1060259 | -1 | 723649 | 
j30_29_7.rcp | 0.001318225 | 10 | 487 | 6 | 0.00146925 | 10 | 487 | 12 | 0.002047465 | 10 | 487 | 12 | 0.001191369 | 10 | 487 | 13 | 
j30_29_8.rcp | 60.00004 | 614107 | -1 | 261349 | 60.000072 | 508609 | -1 | 191451 | 60.000095 | 336832 | -1 | 128081 | 60.000042 | 437458 | -1 | 298996 | 
j30_29_9.rcp | 60.00001 | 600392 | -1 | 949703 | 60.00021 | 397228 | -1 | 739868 | 60.000458 | 301981 | -1 | 553933 | 60.000103 | 269262 | -1 | 537814 | 
j30_29_10.rcp | 0.018697215 | 228 | 376 | 49 | 0.025830882 | 228 | 376 | 120 | 0.033701617 | 228 | 376 | 57 | 0.024900142 | 228 | 376 | 56 | 
j30_30_1.rcp | 0.001214616 | 9 | 260 | 0 | 0.001475306 | 9 | 260 | 3 | 0.002064056 | 9 | 260 | 3 | 0.001341422 | 9 | 260 | 4 | 
j30_30_2.rcp | 0.004245472 | 51 | 535 | 3 | 0.004141896 | 51 | 535 | 26 | 0.006431798 | 51 | 535 | 26 | 0.004705705 | 51 | 535 | 34 | 
j30_30_3.rcp | 0.002732334 | 20 | 431 | 1 | 0.003861911 | 20 | 431 | 2 | 0.004141697 | 20 | 431 | 2 | 0.0025546 | 20 | 431 | 7 | 
j30_30_4.rcp | 0.006873391 | 147 | 331 | 0 | 0.011006275 | 147 | 331 | 3 | 0.016797172 | 147 | 331 | 3 | 0.008560634 | 147 | 331 | 3 | 
j30_30_5.rcp | 9.04373E-4 | 8 | 384 | 0 | 7.10119E-4 | 8 | 384 | 3 | 0.001810884 | 8 | 384 | 3 | 7.45785E-4 | 8 | 384 | 4 | 
j30_30_6.rcp | 0.015766364 | 175 | 376 | 31 | 0.01818842 | 157 | 376 | 51 | 0.02971029 | 157 | 376 | 51 | 0.019850211 | 157 | 376 | 53 | 
j30_30_7.rcp | 8.75924E-4 | 9 | 615 | 0 | 9.24371E-4 | 9 | 615 | 5 | 0.001305657 | 9 | 615 | 5 | 9.11043E-4 | 9 | 615 | 5 | 
j30_30_8.rcp | 0.006674526 | 58 | 301 | 0 | 0.008567405 | 58 | 301 | 2 | 0.014375685 | 58 | 301 | 2 | 0.009352247 | 58 | 301 | 2 | 
j30_30_9.rcp | 6.22863E-4 | 9 | 377 | 0 | 6.72272E-4 | 9 | 377 | 0 | 9.8256E-4 | 9 | 377 | 0 | 6.84924E-4 | 9 | 377 | 0 | 
j30_30_10.rcp | 6.67858E-4 | 9 | 708 | 0 | 8.06853E-4 | 9 | 708 | 1 | 0.001209882 | 9 | 708 | 1 | 7.78563E-4 | 9 | 708 | 2 | 
j30_31_1.rcp | 5.37872E-4 | 9 | 357 | 0 | 6.61373E-4 | 9 | 357 | 1 | 9.76628E-4 | 9 | 357 | 1 | 6.52564E-4 | 9 | 357 | 2 | 
j30_31_2.rcp | 6.98834E-4 | 10 | 301 | 0 | 8.15511E-4 | 10 | 301 | 1 | 0.001241701 | 10 | 301 | 1 | 8.48798E-4 | 10 | 301 | 1 | 
j30_31_3.rcp | 8.09931E-4 | 10 | 460 | 0 | 9.38569E-4 | 10 | 460 | 1 | 0.001349055 | 10 | 460 | 1 | 9.92054E-4 | 10 | 460 | 3 | 
j30_31_4.rcp | 4.65407E-4 | 8 | 242 | 0 | 5.58578E-4 | 8 | 242 | 0 | 9.11303E-4 | 8 | 242 | 0 | 5.96722E-4 | 8 | 242 | 0 | 
j30_31_5.rcp | 0.038124587 | 435 | 334 | 97 | 0.04295644 | 435 | 334 | 22 | 0.06820159 | 435 | 334 | 22 | 0.04493049 | 435 | 334 | 63 | 
j30_31_6.rcp | 0.017200667 | 255 | 428 | 0 | 0.019608157 | 255 | 428 | 2 | 0.029163994 | 255 | 428 | 2 | 0.0207069 | 255 | 428 | 2 | 
j30_31_7.rcp | 6.22483E-4 | 7 | 785 | 0 | 7.74487E-4 | 7 | 785 | 0 | 0.001097523 | 7 | 785 | 0 | 6.68162E-4 | 7 | 785 | 2 | 
j30_31_8.rcp | 8.29038E-4 | 9 | 546 | 1 | 9.51405E-4 | 9 | 546 | 4 | 0.001374708 | 9 | 546 | 4 | 9.02504E-4 | 9 | 546 | 4 | 
j30_31_9.rcp | 6.71437E-4 | 10 | 415 | 0 | 7.87815E-4 | 10 | 415 | 0 | 0.001139302 | 10 | 415 | 0 | 8.01639E-4 | 10 | 415 | 1 | 
j30_31_10.rcp | 5.73718E-4 | 9 | 427 | 0 | 6.92952E-4 | 9 | 427 | 3 | 0.001021233 | 9 | 427 | 3 | 7.1245E-4 | 9 | 427 | 3 | 
j30_32_1.rcp | 6.53538E-4 | 10 | 434 | 0 | 7.77674E-4 | 10 | 434 | 1 | 0.001120321 | 10 | 434 | 1 | 8.18664E-4 | 10 | 434 | 2 | 
j30_32_2.rcp | 5.11155E-4 | 9 | 710 | 0 | 6.50326E-4 | 9 | 710 | 0 | 9.08595E-4 | 9 | 710 | 0 | 6.35992E-4 | 9 | 710 | 0 | 
j30_32_3.rcp | 7.53967E-4 | 11 | 260 | 0 | 7.91524E-4 | 11 | 260 | 1 | 0.00124604 | 11 | 260 | 1 | 8.27981E-4 | 11 | 260 | 1 | 
j30_32_4.rcp | 5.60866E-4 | 10 | 670 | 0 | 6.77911E-4 | 10 | 670 | 0 | 0.001699257 | 10 | 670 | 0 | 7.06064E-4 | 10 | 670 | 0 | 
j30_32_5.rcp | 6.53129E-4 | 11 | 486 | 0 | 7.85617E-4 | 11 | 486 | 0 | 0.001134666 | 11 | 486 | 0 | 8.23297E-4 | 11 | 486 | 1 | 
j30_32_6.rcp | 5.54899E-4 | 10 | 216 | 0 | 6.64567E-4 | 10 | 216 | 0 | 0.00102324 | 10 | 216 | 0 | 6.87949E-4 | 10 | 216 | 0 | 
j30_32_7.rcp | 5.29396E-4 | 10 | 278 | 0 | 6.14338E-4 | 10 | 278 | 0 | 9.32529E-4 | 10 | 278 | 0 | 6.35965E-4 | 10 | 278 | 0 | 
j30_32_8.rcp | 5.07059E-4 | 10 | 360 | 0 | 6.32349E-4 | 10 | 360 | 0 | 9.96697E-4 | 10 | 360 | 0 | 6.36992E-4 | 10 | 360 | 0 | 
j30_32_9.rcp | 5.30766E-4 | 10 | 541 | 0 | 6.62414E-4 | 10 | 541 | 0 | 9.44374E-4 | 10 | 541 | 0 | 7.24723E-4 | 10 | 541 | 0 | 
j30_32_10.rcp | 5.40645E-4 | 9 | 465 | 0 | 6.4193E-4 | 9 | 465 | 0 | 9.35428E-4 | 9 | 465 | 0 | 6.57012E-4 | 9 | 465 | 0 | 
j30_33_1.rcp | 0.002006067 | 110 | 514 | 46 | 0.0026184 | 110 | 514 | 56 | 0.003090847 | 110 | 514 | 56 | 0.002379864 | 110 | 514 | 50 | 
j30_33_2.rcp | 0.002283503 | 88 | 493 | 24 | 0.003628259 | 88 | 493 | 33 | 0.003108174 | 88 | 493 | 33 | 0.002132402 | 88 | 493 | 33 | 
j30_33_3.rcp | 0.003181475 | 259 | 505 | 48 | 0.003416284 | 259 | 505 | 38 | 0.004295594 | 259 | 505 | 38 | 0.003170086 | 259 | 505 | 30 | 
j30_33_4.rcp | 60.000008 | 14155520 | -1 | 6081444 | 60.000008 | 11622276 | -1 | 2547609 | 60.000008 | 10351539 | -1 | 2269014 | 60.000008 | 11465433 | -1 | 3442020 | 
j30_33_5.rcp | 8.01754E-4 | 60 | 329 | 4 | 8.36807E-4 | 60 | 329 | 6 | 0.001215398 | 60 | 329 | 6 | 7.45117E-4 | 60 | 329 | 6 | 
j30_33_6.rcp | 60.000008 | 15304903 | -1 | 1377 | 60.000008 | 12236418 | -1 | 1246 | 60.000008 | 11959468 | -1 | 1234 | 60.00001 | 11793803 | -1 | 1281 | 
j30_33_7.rcp | 6.79296E-4 | 26 | 497 | 1 | 7.52336E-4 | 26 | 497 | 2 | 8.98521E-4 | 26 | 497 | 2 | 6.75343E-4 | 26 | 497 | 3 | 
j30_33_8.rcp | 0.005515063 | 259 | 386 | 16 | 0.006101947 | 259 | 386 | 9 | 0.006983526 | 259 | 386 | 9 | 0.006355463 | 259 | 386 | 9 | 
j30_33_9.rcp | 0.5408134 | 120056 | 370 | 5570 | 0.6492911 | 120056 | 370 | 5496 | 0.72605085 | 120056 | 370 | 5496 | 0.6586454 | 120056 | 370 | 62 | 
j30_33_10.rcp | 1.59004E-4 | 9 | 357 | 2 | 1.65841E-4 | 9 | 357 | 2 | 2.0163E-4 | 9 | 357 | 2 | 1.57651E-4 | 9 | 357 | 2 | 
j30_34_1.rcp | 3.61629E-4 | 24 | 467 | 7 | 2.22604E-4 | 24 | 467 | 8 | 2.77876E-4 | 24 | 467 | 8 | 2.16151E-4 | 24 | 467 | 8 | 
j30_34_2.rcp | 1.53731E-4 | 9 | 278 | 1 | 1.69397E-4 | 9 | 278 | 2 | 2.20608E-4 | 9 | 278 | 2 | 1.62438E-4 | 9 | 278 | 3 | 
j30_34_3.rcp | 1.57666E-4 | 9 | 493 | 4 | 1.64073E-4 | 9 | 493 | 5 | 2.73587E-4 | 9 | 493 | 5 | 2.27069E-4 | 9 | 493 | 5 | 
j30_34_4.rcp | 3.45678E-4 | 12 | 463 | 9 | 2.98276E-4 | 12 | 463 | 6 | 3.98366E-4 | 12 | 463 | 6 | 2.97702E-4 | 12 | 463 | 6 | 
j30_34_5.rcp | 1.33481E-4 | 9 | 513 | 2 | 1.52396E-4 | 9 | 513 | 2 | 1.89334E-4 | 9 | 513 | 2 | 1.48983E-4 | 9 | 513 | 2 | 
j30_34_6.rcp | 1.35578E-4 | 9 | 493 | 3 | 8.98283E-4 | 9 | 493 | 3 | 1.95084E-4 | 9 | 493 | 3 | 1.65683E-4 | 9 | 493 | 3 | 
j30_34_7.rcp | 2.21713E-4 | 10 | 344 | 5 | 2.91234E-4 | 10 | 344 | 6 | 3.16059E-4 | 10 | 344 | 6 | 2.84891E-4 | 10 | 344 | 6 | 
j30_34_8.rcp | 1.25317E-4 | 8 | 403 | 0 | 1.43112E-4 | 8 | 403 | 0 | 1.78995E-4 | 8 | 403 | 0 | 1.40214E-4 | 8 | 403 | 0 | 
j30_34_9.rcp | 7.42107E-4 | 40 | 261 | 31 | 9.40861E-4 | 40 | 261 | 47 | 0.001165189 | 40 | 261 | 47 | 9.64939E-4 | 40 | 261 | 51 | 
j30_34_10.rcp | 1.61318E-4 | 9 | 416 | 1 | 1.60816E-4 | 9 | 416 | 2 | 2.022E-4 | 9 | 416 | 2 | 1.56112E-4 | 9 | 416 | 2 | 
j30_35_1.rcp | 1.44797E-4 | 9 | 264 | 1 | 1.65389E-4 | 9 | 264 | 1 | 2.117E-4 | 9 | 264 | 1 | 1.60722E-4 | 9 | 264 | 1 | 
j30_35_2.rcp | 9.09623E-4 | 53 | 504 | 2 | 0.001163375 | 53 | 504 | 2 | 0.001398973 | 53 | 504 | 2 | 0.001078137 | 53 | 504 | 2 | 
j30_35_3.rcp | 1.4089E-4 | 9 | 589 | 0 | 1.64667E-4 | 9 | 589 | 1 | 2.13576E-4 | 9 | 589 | 1 | 1.60727E-4 | 9 | 589 | 2 | 
j30_35_4.rcp | 1.20492E-4 | 8 | 255 | 1 | 1.41232E-4 | 8 | 255 | 2 | 1.78745E-4 | 8 | 255 | 2 | 1.45081E-4 | 8 | 255 | 2 | 
j30_35_5.rcp | 1.41522E-4 | 10 | 556 | 0 | 1.58448E-4 | 10 | 556 | 1 | 2.02879E-4 | 10 | 556 | 1 | 1.53054E-4 | 10 | 556 | 1 | 
j30_35_6.rcp | 1.35397E-4 | 10 | 284 | 1 | 1.46261E-4 | 10 | 284 | 1 | 1.82589E-4 | 10 | 284 | 1 | 1.34653E-4 | 10 | 284 | 2 | 
j30_35_7.rcp | 0.005855324 | 509 | 438 | 2 | 0.00608436 | 509 | 438 | 2 | 0.007600636 | 509 | 438 | 2 | 0.006468576 | 509 | 438 | 2 | 
j30_35_8.rcp | 3.36053E-4 | 12 | 683 | 3 | 2.18449E-4 | 12 | 683 | 4 | 2.82088E-4 | 12 | 683 | 4 | 2.11426E-4 | 12 | 683 | 4 | 
j30_35_9.rcp | 1.31355E-4 | 9 | 502 | 1 | 1.4255E-4 | 9 | 502 | 1 | 1.73699E-4 | 9 | 502 | 1 | 1.4029E-4 | 9 | 502 | 1 | 
j30_35_10.rcp | 1.28639E-4 | 9 | 430 | 0 | 1.46223E-4 | 9 | 430 | 0 | 1.82351E-4 | 9 | 430 | 0 | 1.39432E-4 | 9 | 430 | 0 | 
j30_36_1.rcp | 1.60536E-4 | 11 | 509 | 1 | 1.91424E-4 | 11 | 509 | 1 | 2.1645E-4 | 11 | 509 | 1 | 1.65725E-4 | 11 | 509 | 1 | 
j30_36_2.rcp | 1.30152E-4 | 9 | 403 | 0 | 1.53459E-4 | 9 | 403 | 0 | 1.77254E-4 | 9 | 403 | 0 | 1.32542E-4 | 9 | 403 | 0 | 
j30_36_3.rcp | 1.36683E-4 | 9 | 710 | 0 | 1.53514E-4 | 9 | 710 | 0 | 1.95495E-4 | 9 | 710 | 0 | 1.50372E-4 | 9 | 710 | 0 | 
j30_36_4.rcp | 1.26526E-4 | 9 | 438 | 0 | 1.42747E-4 | 9 | 438 | 0 | 1.79341E-4 | 9 | 438 | 0 | 1.32961E-4 | 9 | 438 | 0 | 
j30_36_5.rcp | 1.44168E-4 | 9 | 436 | 0 | 9.28178E-4 | 9 | 436 | 1 | 2.03632E-4 | 9 | 436 | 1 | 1.55076E-4 | 9 | 436 | 1 | 
j30_36_6.rcp | 1.47793E-4 | 9 | 458 | 2 | 1.73189E-4 | 9 | 458 | 2 | 2.16039E-4 | 9 | 458 | 2 | 1.64273E-4 | 9 | 458 | 2 | 
j30_36_7.rcp | 1.445E-4 | 9 | 290 | 0 | 1.61655E-4 | 9 | 290 | 0 | 1.8719E-4 | 9 | 290 | 0 | 1.47368E-4 | 9 | 290 | 0 | 
j30_36_8.rcp | 1.67023E-4 | 12 | 435 | 1 | 1.89243E-4 | 12 | 435 | 3 | 2.22674E-4 | 12 | 435 | 3 | 1.64523E-4 | 12 | 435 | 3 | 
j30_36_9.rcp | 1.24954E-4 | 9 | 560 | 0 | 1.50854E-4 | 9 | 560 | 0 | 1.89113E-4 | 9 | 560 | 0 | 1.40537E-4 | 9 | 560 | 0 | 
j30_36_10.rcp | 1.49498E-4 | 9 | 410 | 3 | 1.65676E-4 | 9 | 410 | 5 | 2.02305E-4 | 9 | 410 | 5 | 1.60073E-4 | 9 | 410 | 5 | 
j30_37_1.rcp | 60.00003 | 1852858 | -1 | 4490008 | 60.00003 | 1530951 | -1 | 2911304 | 60.000027 | 1284990 | -1 | 2443389 | 60.000027 | 1579820 | -1 | 3015609 | 
j30_37_2.rcp | 4.52351E-4 | 9 | 243 | 5 | 5.24071E-4 | 9 | 243 | 7 | 6.23995E-4 | 9 | 243 | 7 | 4.06147E-4 | 9 | 243 | 8 | 
j30_37_3.rcp | 0.013404628 | 367 | 742 | 189 | 0.020185808 | 367 | 742 | 212 | 0.027843712 | 367 | 742 | 212 | 0.015962048 | 367 | 742 | 194 | 
j30_37_4.rcp | 0.004919107 | 244 | 507 | 17 | 0.005417704 | 244 | 507 | 15 | 0.007595834 | 244 | 507 | 19 | 0.005154133 | 244 | 507 | 19 | 
j30_37_5.rcp | 60.000027 | 1924089 | -1 | 5887704 | 60.000076 | 1184693 | -1 | 3632066 | 60.000088 | 1054799 | -1 | 3235106 | 60.000008 | 1125583 | -1 | 3454366 | 
j30_37_6.rcp | 60.00001 | 2512867 | -1 | 2040788 | 60.000015 | 1741794 | -1 | 1302236 | 60.000008 | 1373688 | -1 | 1006604 | 60.000015 | 1807703 | -1 | 1418409 | 
j30_37_7.rcp | 60.00001 | 1843705 | -1 | 5011936 | 60.00006 | 1955542 | -1 | 14657 | 60.000023 | 1560031 | -1 | 12519 | 60.000023 | 1752533 | -1 | 13937 | 
j30_37_8.rcp | 60.00005 | 2202236 | -1 | 2635360 | 60.0001 | 1803361 | -1 | 2211789 | 60.000053 | 1432244 | -1 | 1771082 | 60.00003 | 1478516 | -1 | 1817998 | 
j30_37_9.rcp | 0.013766647 | 309 | 736 | 174 | 0.021402104 | 309 | 736 | 226 | 0.029935114 | 309 | 736 | 244 | 0.01803664 | 309 | 736 | 186 | 
j30_37_10.rcp | 0.003597986 | 46 | 609 | 65 | 0.003574888 | 46 | 609 | 84 | 0.004058064 | 46 | 609 | 84 | 0.002699945 | 46 | 609 | 85 | 
j30_38_1.rcp | 5.48618E-4 | 18 | 301 | 12 | 7.49612E-4 | 18 | 301 | 15 | 0.001039498 | 18 | 301 | 15 | 7.48807E-4 | 18 | 301 | 17 | 
j30_38_2.rcp | 2.16921E-4 | 8 | 336 | 0 | 2.72993E-4 | 8 | 336 | 0 | 3.77818E-4 | 8 | 336 | 0 | 2.59856E-4 | 8 | 336 | 0 | 
j30_38_3.rcp | 0.010917564 | 365 | 513 | 21 | 0.015282276 | 365 | 513 | 133 | 0.022861227 | 365 | 513 | 133 | 0.013455246 | 365 | 513 | 144 | 
j30_38_4.rcp | 8.04443E-4 | 9 | 403 | 0 | 9.55349E-4 | 9 | 403 | 0 | 0.001183977 | 9 | 403 | 0 | 5.98826E-4 | 9 | 403 | 1 | 
j30_38_5.rcp | 3.63653E-4 | 9 | 659 | 0 | 4.09857E-4 | 9 | 659 | 2 | 5.44643E-4 | 9 | 659 | 2 | 3.51727E-4 | 9 | 659 | 2 | 
j30_38_6.rcp | 3.78801E-4 | 9 | 354 | 3 | 4.80212E-4 | 9 | 354 | 4 | 6.58455E-4 | 9 | 354 | 4 | 4.20436E-4 | 9 | 354 | 4 | 
j30_38_7.rcp | 0.00578238 | 107 | 411 | 0 | 0.00722358 | 107 | 411 | 110 | 0.010731895 | 107 | 411 | 110 | 0.007060082 | 107 | 411 | 118 | 
j30_38_8.rcp | 0.004036363 | 158 | 388 | 1 | 0.005717287 | 158 | 388 | 2 | 0.00781064 | 158 | 388 | 2 | 0.005452403 | 158 | 388 | 3 | 
j30_38_9.rcp | 4.86619E-4 | 10 | 432 | 0 | 5.95177E-4 | 10 | 432 | 1 | 8.08611E-4 | 10 | 432 | 1 | 5.01785E-4 | 10 | 432 | 1 | 
j30_38_10.rcp | 2.92879E-4 | 9 | 582 | 0 | 3.72964E-4 | 9 | 582 | 0 | 4.96561E-4 | 9 | 582 | 0 | 3.49774E-4 | 9 | 582 | 0 | 
j30_39_1.rcp | 8.36229E-4 | 13 | 386 | 0 | 0.001182269 | 13 | 386 | 1 | 0.001368535 | 13 | 386 | 1 | 7.71238E-4 | 13 | 386 | 1 | 
j30_39_2.rcp | 6.72426E-4 | 12 | 607 | 0 | 7.83543E-4 | 12 | 607 | 2 | 0.00189312 | 12 | 607 | 2 | 5.08766E-4 | 12 | 607 | 2 | 
j30_39_3.rcp | 0.00261214 | 77 | 465 | 1 | 0.003616252 | 77 | 465 | 1 | 0.004030716 | 77 | 465 | 1 | 0.002891726 | 77 | 465 | 1 | 
j30_39_4.rcp | 3.39944E-4 | 10 | 405 | 1 | 4.10868E-4 | 10 | 405 | 2 | 5.69146E-4 | 10 | 405 | 2 | 4.76653E-4 | 10 | 405 | 3 | 
j30_39_5.rcp | 0.003722803 | 106 | 293 | 60 | 0.004895347 | 106 | 293 | 53 | 0.006825688 | 106 | 293 | 53 | 0.0045893 | 106 | 293 | 47 | 
j30_39_6.rcp | 5.46497E-4 | 10 | 460 | 1 | 4.3848E-4 | 10 | 460 | 3 | 5.90306E-4 | 10 | 460 | 3 | 4.22526E-4 | 10 | 460 | 3 | 
j30_39_7.rcp | 0.003896959 | 214 | 409 | 1 | 0.003705179 | 214 | 409 | 3 | 0.004533784 | 214 | 409 | 3 | 0.002859473 | 214 | 409 | 3 | 
j30_39_8.rcp | 4.46071E-4 | 15 | 445 | 3 | 4.92E-4 | 15 | 445 | 4 | 6.94361E-4 | 15 | 445 | 4 | 5.06348E-4 | 15 | 445 | 6 | 
j30_39_9.rcp | 2.66552E-4 | 11 | 330 | 0 | 3.38982E-4 | 11 | 330 | 0 | 0.001204365 | 11 | 330 | 0 | 3.1477E-4 | 11 | 330 | 0 | 
j30_39_10.rcp | 7.37281E-4 | 16 | 520 | 2 | 9.00396E-4 | 16 | 520 | 10 | 0.001150953 | 16 | 520 | 10 | 6.99408E-4 | 16 | 520 | 8 | 
j30_40_1.rcp | 3.17714E-4 | 12 | 482 | 0 | 3.40644E-4 | 12 | 482 | 1 | 4.65914E-4 | 12 | 482 | 1 | 5.66744E-4 | 12 | 482 | 2 | 
j30_40_2.rcp | 2.63259E-4 | 9 | 607 | 0 | 3.58942E-4 | 9 | 607 | 0 | 5.29324E-4 | 9 | 607 | 0 | 3.68075E-4 | 9 | 607 | 0 | 
j30_40_3.rcp | 3.73651E-4 | 10 | 442 | 0 | 4.35977E-4 | 10 | 442 | 1 | 5.44535E-4 | 10 | 442 | 1 | 3.61609E-4 | 10 | 442 | 1 | 
j30_40_4.rcp | 2.46833E-4 | 7 | 531 | 0 | 2.93028E-4 | 7 | 531 | 1 | 3.89876E-4 | 7 | 531 | 1 | 2.9035E-4 | 7 | 531 | 1 | 
j30_40_5.rcp | 2.39849E-4 | 10 | 488 | 0 | 3.02304E-4 | 10 | 488 | 0 | 4.05907E-4 | 10 | 488 | 0 | 2.87806E-4 | 10 | 488 | 0 | 
j30_40_6.rcp | 2.64352E-4 | 9 | 374 | 0 | 3.0119E-4 | 9 | 374 | 1 | 3.95949E-4 | 9 | 374 | 1 | 2.75621E-4 | 9 | 374 | 1 | 
j30_40_7.rcp | 2.51221E-4 | 8 | 408 | 0 | 3.14437E-4 | 8 | 408 | 0 | 4.37119E-4 | 8 | 408 | 0 | 3.02504E-4 | 8 | 408 | 0 | 
j30_40_8.rcp | 2.7025E-4 | 9 | 410 | 0 | 3.40603E-4 | 9 | 410 | 1 | 4.55432E-4 | 9 | 410 | 1 | 3.77387E-4 | 9 | 410 | 1 | 
j30_40_9.rcp | 2.30014E-4 | 8 | 353 | 0 | 2.49799E-4 | 8 | 353 | 1 | 3.42048E-4 | 8 | 353 | 1 | 2.40928E-4 | 8 | 353 | 1 | 
j30_40_10.rcp | 1.89418E-4 | 9 | 409 | 0 | 2.31752E-4 | 9 | 409 | 0 | 2.9942E-4 | 9 | 409 | 0 | 2.15034E-4 | 9 | 409 | 0 | 
j30_41_1.rcp | 60.000072 | 740238 | -1 | 880960 | 60.000195 | 718855 | -1 | 836923 | 60.000282 | 507814 | -1 | 603409 | 60.0001 | 735831 | -1 | 900035 | 
j30_41_2.rcp | 60.000076 | 719962 | -1 | 1985532 | 60.000015 | 481557 | -1 | 1392682 | 60.00004 | 388826 | -1 | 1106748 | 60.00004 | 441490 | -1 | 1308695 | 
j30_41_3.rcp | 60.00009 | 773389 | -1 | 1816942 | 60.000107 | 817133 | -1 | 1141819 | 60.00001 | 578528 | -1 | 864036 | 60.00012 | 610090 | -1 | 1351353 | 
j30_41_4.rcp | 60.000126 | 729118 | -1 | 1048293 | 60.00001 | 532625 | -1 | 511771 | 60.000084 | 415332 | -1 | 494639 | 60.000008 | 533466 | -1 | 575887 | 
j30_41_5.rcp | 60.000034 | 1587849 | -1 | 1072113 | 60.000034 | 1112241 | -1 | 805468 | 60.00005 | 818292 | -1 | 518599 | 60.000027 | 841465 | -1 | 837221 | 
j30_41_6.rcp | 60.00001 | 545434 | -1 | 1069674 | 60.000034 | 417635 | -1 | 817810 | 60.00031 | 314401 | -1 | 596445 | 60.000065 | 433475 | -1 | 961508 | 
j30_41_7.rcp | 60.000008 | 871506 | -1 | 1917691 | 60.00003 | 541210 | -1 | 1199184 | 60.00002 | 427959 | -1 | 947752 | 60.00009 | 495250 | -1 | 1193671 | 
j30_41_8.rcp | 60.00007 | 676659 | -1 | 1059187 | 60.000088 | 476862 | -1 | 668281 | 60.00026 | 382494 | -1 | 537734 | 60.00005 | 410302 | -1 | 600941 | 
j30_41_9.rcp | 0.01829336 | 319 | 517 | 305 | 0.021308908 | 319 | 517 | 378 | 0.031011917 | 319 | 517 | 378 | 0.022960592 | 319 | 517 | 405 | 
j30_41_10.rcp | 60.00002 | 1254439 | -1 | 845011 | 60.00001 | 867465 | -1 | 593795 | 60.00006 | 666718 | -1 | 508055 | 60.00002 | 768917 | -1 | 590092 | 
j30_42_1.rcp | 7.48197E-4 | 12 | 488 | 0 | 7.94727E-4 | 12 | 488 | 1 | 0.001120395 | 12 | 488 | 1 | 7.74605E-4 | 12 | 488 | 2 | 
j30_42_2.rcp | 6.54056E-4 | 8 | 417 | 1 | 8.05748E-4 | 8 | 417 | 9 | 0.00125147 | 8 | 417 | 9 | 7.31227E-4 | 8 | 417 | 13 | 
j30_42_3.rcp | 5.73161E-4 | 9 | 270 | 2 | 9.86062E-4 | 9 | 270 | 5 | 0.00145075 | 9 | 270 | 5 | 8.67923E-4 | 9 | 270 | 6 | 
j30_42_4.rcp | 0.009646952 | 148 | 453 | 17 | 0.010984385 | 148 | 453 | 23 | 0.017010607 | 148 | 453 | 23 | 0.009346478 | 148 | 453 | 22 | 
j30_42_5.rcp | 4.09557E-4 | 11 | 479 | 0 | 5.08871E-4 | 11 | 479 | 0 | 7.27487E-4 | 11 | 479 | 0 | 4.83223E-4 | 11 | 479 | 1 | 
j30_42_6.rcp | 0.016244793 | 281 | 623 | 15 | 0.024384415 | 281 | 623 | 15 | 0.03458769 | 281 | 623 | 15 | 0.021950318 | 281 | 623 | 15 | 
j30_42_7.rcp | 6.59124E-4 | 11 | 603 | 1 | 8.29637E-4 | 11 | 603 | 2 | 0.001160295 | 11 | 603 | 2 | 7.23634E-4 | 11 | 603 | 2 | 
j30_42_8.rcp | 0.054272804 | 1211 | 782 | 371 | 0.07662203 | 1211 | 782 | 357 | 0.11156997 | 1211 | 782 | 357 | 0.0681366 | 1211 | 782 | 277 | 
j30_42_9.rcp | 0.010536108 | 106 | 411 | 56 | 0.013879604 | 106 | 411 | 74 | 0.01819592 | 106 | 411 | 74 | 0.014804717 | 106 | 411 | 111 | 
j30_42_10.rcp | 5.38026E-4 | 9 | 459 | 0 | 7.16658E-4 | 9 | 459 | 2 | 9.70036E-4 | 9 | 459 | 2 | 6.5556E-4 | 9 | 459 | 3 | 
j30_43_1.rcp | 5.64661E-4 | 10 | 679 | 0 | 6.40787E-4 | 10 | 679 | 6 | 9.19582E-4 | 10 | 679 | 6 | 6.54491E-4 | 10 | 679 | 7 | 
j30_43_2.rcp | 4.44586E-4 | 10 | 401 | 0 | 5.67158E-4 | 10 | 401 | 2 | 8.10532E-4 | 10 | 401 | 2 | 5.46469E-4 | 10 | 401 | 2 | 
j30_43_3.rcp | 0.001491746 | 32 | 438 | 0 | 0.001113561 | 32 | 438 | 2 | 0.00167637 | 32 | 438 | 2 | 0.001154462 | 32 | 438 | 2 | 
j30_43_4.rcp | 9.62479E-4 | 10 | 289 | 5 | 0.001149165 | 10 | 289 | 9 | 0.001670579 | 10 | 289 | 9 | 0.001076278 | 10 | 289 | 11 | 
j30_43_5.rcp | 0.002445728 | 65 | 236 | 0 | 0.003753155 | 65 | 236 | 5 | 0.006178086 | 65 | 236 | 5 | 0.003274295 | 65 | 236 | 4 | 
j30_43_6.rcp | 3.93268E-4 | 9 | 377 | 0 | 4.8359E-4 | 9 | 377 | 1 | 6.99083E-4 | 9 | 377 | 1 | 4.65113E-4 | 9 | 377 | 1 | 
j30_43_7.rcp | 4.76769E-4 | 10 | 526 | 0 | 6.26754E-4 | 10 | 526 | 0 | 8.64291E-4 | 10 | 526 | 0 | 5.76499E-4 | 10 | 526 | 0 | 
j30_43_8.rcp | 7.72272E-4 | 14 | 690 | 1 | 9.77797E-4 | 14 | 690 | 3 | 0.001310475 | 14 | 690 | 3 | 9.14248E-4 | 14 | 690 | 3 | 
j30_43_9.rcp | 5.00313E-4 | 11 | 455 | 0 | 6.49778E-4 | 11 | 455 | 1 | 8.87494E-4 | 11 | 455 | 1 | 5.95136E-4 | 11 | 455 | 1 | 
j30_43_10.rcp | 3.66883E-4 | 8 | 456 | 0 | 4.59109E-4 | 8 | 456 | 1 | 6.3483E-4 | 8 | 456 | 1 | 4.37256E-4 | 8 | 456 | 1 | 
j30_44_1.rcp | 3.40181E-4 | 9 | 221 | 0 | 4.15674E-4 | 9 | 221 | 0 | 5.97185E-4 | 9 | 221 | 0 | 4.00741E-4 | 9 | 221 | 0 | 
j30_44_2.rcp | 5.47042E-4 | 10 | 518 | 0 | 6.48747E-4 | 10 | 518 | 0 | 8.2683E-4 | 10 | 518 | 0 | 5.61055E-4 | 10 | 518 | 0 | 
j30_44_3.rcp | 3.89781E-4 | 10 | 511 | 0 | 4.6865E-4 | 10 | 511 | 0 | 6.38327E-4 | 10 | 511 | 0 | 4.5586E-4 | 10 | 511 | 0 | 
j30_44_4.rcp | 4.88402E-4 | 10 | 435 | 0 | 6.15665E-4 | 10 | 435 | 0 | 8.88882E-4 | 10 | 435 | 0 | 5.93164E-4 | 10 | 435 | 0 | 
j30_44_5.rcp | 4.23583E-4 | 9 | 684 | 0 | 5.21477E-4 | 9 | 684 | 0 | 7.31379E-4 | 9 | 684 | 0 | 4.98064E-4 | 9 | 684 | 0 | 
j30_44_6.rcp | 3.38682E-4 | 9 | 507 | 0 | 4.17552E-4 | 9 | 507 | 0 | 5.94657E-4 | 9 | 507 | 0 | 4.07999E-4 | 9 | 507 | 0 | 
j30_44_7.rcp | 3.43133E-4 | 10 | 383 | 0 | 4.29065E-4 | 10 | 383 | 0 | 6.10214E-4 | 10 | 383 | 0 | 4.09774E-4 | 10 | 383 | 0 | 
j30_44_8.rcp | 4.10991E-4 | 8 | 463 | 1 | 4.88438E-4 | 8 | 463 | 2 | 6.71628E-4 | 8 | 463 | 2 | 4.5129E-4 | 8 | 463 | 2 | 
j30_44_9.rcp | 3.62662E-4 | 10 | 510 | 0 | 4.58875E-4 | 10 | 510 | 0 | 6.37739E-4 | 10 | 510 | 0 | 4.36195E-4 | 10 | 510 | 0 | 
j30_44_10.rcp | 4.11383E-4 | 11 | 535 | 0 | 5.28335E-4 | 11 | 535 | 0 | 7.46126E-4 | 11 | 535 | 0 | 5.17429E-4 | 11 | 535 | 0 | 
j30_45_1.rcp | 60.000015 | 428641 | -1 | 494923 | 60.000153 | 346377 | -1 | 399457 | 60.00056 | 244166 | -1 | 287589 | 60.001053 | 197620 | -1 | 233486 | 
j30_45_2.rcp | 60.00004 | 431439 | -1 | 717664 | 60.000034 | 312533 | -1 | 527644 | 60.000145 | 218954 | -1 | 379040 | 60.000404 | 262023 | -1 | 493404 | 
j30_45_3.rcp | 60.000225 | 337082 | -1 | 1079100 | 60.00009 | 252915 | -1 | 720262 | 60.000023 | 199454 | -1 | 561062 | 60.000546 | 230510 | -1 | 671343 | 
j30_45_4.rcp | 60.000164 | 417049 | -1 | 727467 | 60.000042 | 296802 | -1 | 380415 | 60.00043 | 219629 | -1 | 278706 | 60.000065 | 207941 | -1 | 256555 | 
j30_45_5.rcp | 60.000084 | 793909 | -1 | 498060 | 60.000015 | 538435 | -1 | 360843 | 60.000126 | 395599 | -1 | 261031 | 60.00004 | 510392 | -1 | 200280 | 
j30_45_6.rcp | 60.000256 | 621730 | -1 | 1375372 | 60.000103 | 433423 | -1 | 836651 | 60.000065 | 334402 | -1 | 617858 | 60.0001 | 322379 | -1 | 402755 | 
j30_45_7.rcp | 60.000294 | 236636 | -1 | 562999 | 60.000107 | 172047 | -1 | 492130 | 60.00009 | 127131 | -1 | 365655 | 60.00024 | 187388 | -1 | 632480 | 
j30_45_8.rcp | 60.000065 | 415867 | -1 | 586612 | 60.00029 | 305135 | -1 | 472499 | 60.000015 | 214293 | -1 | 332637 | 60.00025 | 305615 | -1 | 550907 | 
j30_45_9.rcp | 60.000183 | 597710 | -1 | 289259 | 60.000076 | 446523 | -1 | 214455 | 60.00006 | 299276 | -1 | 129329 | 60.00005 | 391344 | -1 | 401547 | 
j30_45_10.rcp | 60.00008 | 423631 | -1 | 1607383 | 60.00005 | 288424 | -1 | 1150552 | 60.000008 | 229081 | -1 | 940137 | 60.00018 | 296224 | -1 | 1272571 | 
j30_46_1.rcp | 60.00012 | 533669 | -1 | 447858 | 60.000107 | 418445 | -1 | 385742 | 60.000202 | 281079 | -1 | 251897 | 60.00006 | 506469 | -1 | 773004 | 
j30_46_2.rcp | 0.024026223 | 259 | 564 | 28 | 0.027597304 | 259 | 564 | 80 | 0.041955125 | 259 | 564 | 80 | 0.0258553 | 259 | 564 | 48 | 
j30_46_3.rcp | 0.061197195 | 560 | 512 | 0 | 0.07845543 | 560 | 512 | 85 | 0.12123614 | 560 | 512 | 85 | 0.07844337 | 560 | 512 | 104 | 
j30_46_4.rcp | 0.009571983 | 120 | 490 | 2 | 0.012974665 | 120 | 490 | 1 | 0.021714417 | 120 | 490 | 1 | 0.011469038 | 120 | 490 | 3 | 
j30_46_5.rcp | 0.007821561 | 46 | 332 | 12 | 0.007176912 | 46 | 332 | 20 | 0.010012312 | 46 | 332 | 20 | 0.005609146 | 46 | 332 | 16 | 
j30_46_6.rcp | 60.000153 | 527064 | -1 | 199534 | 60.000034 | 443804 | -1 | 279223 | 60.000427 | 257295 | -1 | 170077 | 60.000076 | 353494 | -1 | 335954 | 
j30_46_7.rcp | 0.002920135 | 19 | 392 | 2 | 0.002238724 | 19 | 392 | 10 | 0.00337114 | 19 | 392 | 10 | 0.002508652 | 19 | 392 | 12 | 
j30_46_8.rcp | 0.002298158 | 23 | 551 | 0 | 0.002227011 | 23 | 551 | 2 | 0.003051242 | 23 | 551 | 2 | 0.001950825 | 23 | 551 | 3 | 
j30_46_9.rcp | 0.00154598 | 13 | 402 | 0 | 0.001923882 | 13 | 402 | 3 | 0.003029477 | 13 | 402 | 3 | 0.002051926 | 13 | 402 | 8 | 
j30_46_10.rcp | 0.009461314 | 171 | 417 | 0 | 0.013626102 | 171 | 417 | 1 | 0.021458456 | 171 | 417 | 1 | 0.011878391 | 171 | 417 | 5 | 
j30_47_1.rcp | 6.80044E-4 | 11 | 608 | 1 | 8.31234E-4 | 11 | 608 | 2 | 0.001190649 | 11 | 608 | 2 | 8.52259E-4 | 11 | 608 | 2 | 
j30_47_2.rcp | 5.58233E-4 | 11 | 242 | 0 | 6.85044E-4 | 11 | 242 | 0 | 0.001019981 | 11 | 242 | 0 | 6.80927E-4 | 11 | 242 | 0 | 
j30_47_3.rcp | 6.4633E-4 | 10 | 334 | 0 | 7.3914E-4 | 10 | 334 | 1 | 0.001168071 | 10 | 334 | 1 | 0.001534335 | 10 | 334 | 1 | 
j30_47_4.rcp | 0.005512806 | 58 | 242 | 0 | 0.005564932 | 58 | 242 | 2 | 0.008802984 | 58 | 242 | 2 | 0.004919758 | 58 | 242 | 2 | 
j30_47_5.rcp | 6.41593E-4 | 9 | 311 | 0 | 7.66277E-4 | 9 | 311 | 1 | 0.001169954 | 9 | 311 | 1 | 7.74632E-4 | 9 | 311 | 3 | 
j30_47_6.rcp | 8.53231E-4 | 11 | 329 | 0 | 9.54815E-4 | 11 | 329 | 0 | 0.001423508 | 11 | 329 | 0 | 0.001010302 | 11 | 329 | 1 | 
j30_47_7.rcp | 7.90998E-4 | 9 | 205 | 0 | 9.05951E-4 | 9 | 205 | 1 | 0.00133268 | 9 | 205 | 1 | 8.26341E-4 | 9 | 205 | 2 | 
j30_47_8.rcp | 0.020866975 | 199 | 329 | 0 | 0.02199615 | 199 | 329 | 1 | 0.036792967 | 199 | 329 | 1 | 0.021903753 | 199 | 329 | 1 | 
j30_47_9.rcp | 5.83648E-4 | 10 | 335 | 0 | 6.74239E-4 | 10 | 335 | 2 | 0.001052226 | 10 | 335 | 2 | 6.85019E-4 | 10 | 335 | 2 | 
j30_47_10.rcp | 5.64345E-4 | 8 | 368 | 0 | 6.65254E-4 | 8 | 368 | 1 | 9.51332E-4 | 8 | 368 | 1 | 6.62048E-4 | 8 | 368 | 3 | 
j30_48_1.rcp | 7.02566E-4 | 10 | 480 | 0 | 8.9225E-4 | 10 | 480 | 0 | 0.001192888 | 10 | 480 | 0 | 8.35397E-4 | 10 | 480 | 0 | 
j30_48_2.rcp | 6.20691E-4 | 9 | 380 | 0 | 7.42221E-4 | 9 | 380 | 1 | 9.95364E-4 | 9 | 380 | 1 | 6.76021E-4 | 9 | 380 | 1 | 
j30_48_3.rcp | 5.45694E-4 | 10 | 187 | 0 | 6.04711E-4 | 10 | 187 | 0 | 9.43231E-4 | 10 | 187 | 0 | 6.3884E-4 | 10 | 187 | 0 | 
j30_48_4.rcp | 5.88985E-4 | 8 | 342 | 0 | 7.36424E-4 | 8 | 342 | 0 | 0.001065381 | 8 | 342 | 0 | 6.64927E-4 | 8 | 342 | 0 | 
j30_48_5.rcp | 6.26002E-4 | 10 | 489 | 0 | 7.78433E-4 | 10 | 489 | 0 | 0.001062328 | 10 | 489 | 0 | 7.30502E-4 | 10 | 489 | 0 | 
j30_48_6.rcp | 0.001230156 | 9 | 541 | 0 | 6.30529E-4 | 9 | 541 | 0 | 8.73486E-4 | 9 | 541 | 0 | 6.32958E-4 | 9 | 541 | 0 | 
j30_48_7.rcp | 4.82444E-4 | 8 | 468 | 0 | 5.85647E-4 | 8 | 468 | 0 | 8.22288E-4 | 8 | 468 | 0 | 5.74314E-4 | 8 | 468 | 0 | 
j30_48_8.rcp | 4.30619E-4 | 8 | 317 | 0 | 5.48362E-4 | 8 | 317 | 0 | 7.73305E-4 | 8 | 317 | 0 | 5.38114E-4 | 8 | 317 | 0 | 
j30_48_9.rcp | 7.02959E-4 | 11 | 415 | 0 | 7.56868E-4 | 11 | 415 | 2 | 0.001097545 | 11 | 415 | 2 | 7.61941E-4 | 11 | 415 | 2 | 
j30_48_10.rcp | 4.32072E-4 | 8 | 414 | 0 | 5.4088E-4 | 8 | 414 | 0 | 7.7072E-4 | 8 | 414 | 0 | 5.43811E-4 | 8 | 414 | 0 | 
Solve by All :408       NbTL :408, NbH :408, NbCH :408, NbOH :408   TimeTL :0.2028310233776674, TimeH :0.22491468441669485, TimeCH :0.3133257750397723, TimeOH :0.22022250142057886   BackTL :2316, BackH :2316, BackCH :2316, BackOH :2299