Inst |timeTL |backtTL |makespanTL |propTL |timeH |backtH |makespanH |propH |timeCTLH |backtCTLH |makespanCTLH |propCTLH |timeCH |backtCH |makespanCH |propCH |
j30_1_1.rcp | 0.030598445 | 109 | 282 | 13 | 0.02435834 | 109 | 282 | 14 | 0.02287091 | 109 | 282 | 14 | 0.02100474 | 109 | 282 | 24 | 
j30_1_2.rcp | 0.002297839 | 18 | 382 | 1 | 0.002285177 | 18 | 382 | 1 | 0.002220959 | 18 | 382 | 1 | 0.002088884 | 18 | 382 | 1 | 
j30_1_3.rcp | 0.002757123 | 18 | 511 | 1 | 0.00233033 | 18 | 511 | 3 | 0.003098759 | 18 | 511 | 3 | 0.002630135 | 18 | 511 | 3 | 
j30_1_4.rcp | 2.4201212 | 68660 | 531 | 30322 | 0.8706139 | 68660 | 531 | 14954 | 1.102536 | 68660 | 531 | 14954 | 1.2211685 | 68660 | 531 | 40708 | 
j30_1_5.rcp | 9.65465E-4 | 36 | 281 | 10 | 0.001064399 | 36 | 281 | 12 | 9.95171E-4 | 36 | 281 | 12 | 8.19636E-4 | 36 | 281 | 12 | 
j30_1_6.rcp | 4.23098E-4 | 18 | 285 | 0 | 7.30876E-4 | 18 | 285 | 2 | 7.3325E-4 | 18 | 285 | 2 | 6.3295E-4 | 18 | 285 | 2 | 
j30_1_7.rcp | 60.000156 | 1367664 | -1 | 1752075 | 60.00009 | 1254333 | -1 | 1571878 | 60.000088 | 1083098 | -1 | 1343343 | 60.000046 | 1708711 | -1 | 2592709 | 
j30_1_8.rcp | 3.76337E-4 | 18 | 308 | 8 | 3.62128E-4 | 18 | 308 | 6 | 4.17642E-4 | 18 | 308 | 6 | 3.44345E-4 | 18 | 308 | 6 | 
j30_1_9.rcp | 7.02281E-4 | 36 | 430 | 3 | 7.69236E-4 | 36 | 430 | 3 | 9.06449E-4 | 36 | 430 | 3 | 7.37384E-4 | 36 | 430 | 3 | 
j30_1_10.rcp | 6.42753E-4 | 36 | 454 | 7 | 6.77323E-4 | 36 | 454 | 7 | 7.60577E-4 | 36 | 454 | 7 | 6.3094E-4 | 36 | 454 | 7 | 
j30_2_1.rcp | 2.99088E-4 | 18 | 377 | 1 | 3.13083E-4 | 18 | 377 | 3 | 3.33588E-4 | 18 | 377 | 3 | 2.86952E-4 | 18 | 377 | 3 | 
j30_2_2.rcp | 3.20583E-4 | 18 | 503 | 0 | 3.07919E-4 | 18 | 503 | 1 | 3.51221E-4 | 18 | 503 | 1 | 3.16968E-4 | 18 | 503 | 1 | 
j30_2_3.rcp | 9.91458E-4 | 36 | 429 | 1 | 9.70778E-4 | 36 | 429 | 4 | 8.22871E-4 | 36 | 429 | 4 | 7.60057E-4 | 36 | 429 | 4 | 
j30_2_4.rcp | 4.09096E-4 | 18 | 384 | 0 | 5.22808E-4 | 18 | 384 | 0 | 7.24633E-4 | 18 | 384 | 0 | 4.58714E-4 | 18 | 384 | 2 | 
j30_2_5.rcp | 5.26244E-4 | 36 | 430 | 1 | 4.20092E-4 | 36 | 430 | 2 | 0.002314028 | 36 | 430 | 2 | 4.16796E-4 | 36 | 430 | 2 | 
j30_2_6.rcp | 5.33848E-4 | 42 | 381 | 7 | 6.70767E-4 | 42 | 381 | 7 | 9.3557E-4 | 42 | 381 | 7 | 5.50872E-4 | 42 | 381 | 8 | 
j30_2_7.rcp | 2.20369E-4 | 18 | 276 | 0 | 2.40939E-4 | 18 | 276 | 0 | 3.33785E-4 | 18 | 276 | 0 | 2.28988E-4 | 18 | 276 | 1 | 
j30_2_8.rcp | 2.39147E-4 | 18 | 803 | 0 | 2.62451E-4 | 18 | 803 | 2 | 3.16808E-4 | 18 | 803 | 2 | 2.41268E-4 | 18 | 803 | 2 | 
j30_2_9.rcp | 6.09993E-4 | 36 | 405 | 3 | 4.95643E-4 | 36 | 405 | 3 | 6.22719E-4 | 36 | 405 | 3 | 4.92503E-4 | 36 | 405 | 3 | 
j30_2_10.rcp | 3.88908E-4 | 38 | 379 | 3 | 4.35592E-4 | 38 | 379 | 3 | 5.2151E-4 | 38 | 379 | 3 | 6.18422E-4 | 38 | 379 | 6 | 
j30_3_1.rcp | 2.65718E-4 | 18 | 494 | 0 | 2.2531E-4 | 18 | 494 | 1 | 2.89189E-4 | 18 | 494 | 1 | 2.43781E-4 | 18 | 494 | 1 | 
j30_3_2.rcp | 2.11315E-4 | 18 | 383 | 1 | 2.74775E-4 | 18 | 383 | 2 | 2.73967E-4 | 18 | 383 | 2 | 2.2484E-4 | 18 | 383 | 2 | 
j30_3_3.rcp | 1.86825E-4 | 18 | 476 | 3 | 2.44076E-4 | 18 | 476 | 3 | 3.50142E-4 | 18 | 476 | 3 | 2.11084E-4 | 18 | 476 | 3 | 
j30_3_4.rcp | 2.22795E-4 | 18 | 997 | 0 | 2.23607E-4 | 18 | 997 | 1 | 2.70588E-4 | 18 | 997 | 1 | 3.46752E-4 | 18 | 997 | 1 | 
j30_3_5.rcp | 3.57217E-4 | 18 | 484 | 2 | 2.24187E-4 | 18 | 484 | 3 | 2.47564E-4 | 18 | 484 | 3 | 2.04306E-4 | 18 | 484 | 3 | 
j30_3_6.rcp | 5.09439E-4 | 30 | 328 | 4 | 5.72031E-4 | 30 | 328 | 6 | 7.22527E-4 | 30 | 328 | 6 | 3.41177E-4 | 30 | 328 | 6 | 
j30_3_7.rcp | 5.54359E-4 | 38 | 506 | 1 | 6.19856E-4 | 38 | 506 | 2 | 7.9124E-4 | 38 | 506 | 2 | 5.87503E-4 | 38 | 506 | 2 | 
j30_3_8.rcp | 2.93346E-4 | 18 | 368 | 0 | 2.19684E-4 | 18 | 368 | 1 | 2.55309E-4 | 18 | 368 | 1 | 1.93109E-4 | 18 | 368 | 1 | 
j30_3_9.rcp | 1.91244E-4 | 18 | 262 | 0 | 3.01306E-4 | 18 | 262 | 2 | 2.45328E-4 | 18 | 262 | 2 | 1.85888E-4 | 18 | 262 | 3 | 
j30_3_10.rcp | 1.84127E-4 | 18 | 359 | 0 | 3.42191E-4 | 18 | 359 | 0 | 2.6915E-4 | 18 | 359 | 0 | 2.10418E-4 | 18 | 359 | 0 | 
j30_4_1.rcp | 2.27867E-4 | 18 | 335 | 0 | 2.45871E-4 | 18 | 335 | 1 | 5.16613E-4 | 18 | 335 | 1 | 3.65604E-4 | 18 | 335 | 1 | 
j30_4_2.rcp | 2.52312E-4 | 18 | 308 | 0 | 2.86235E-4 | 18 | 308 | 0 | 3.69352E-4 | 18 | 308 | 0 | 2.24872E-4 | 18 | 308 | 0 | 
j30_4_3.rcp | 3.38629E-4 | 18 | 356 | 1 | 3.39573E-4 | 18 | 356 | 1 | 4.33189E-4 | 18 | 356 | 1 | 3.67523E-4 | 18 | 356 | 1 | 
j30_4_4.rcp | 1.77676E-4 | 18 | 304 | 0 | 3.07289E-4 | 18 | 304 | 0 | 3.82408E-4 | 18 | 304 | 0 | 2.94201E-4 | 18 | 304 | 0 | 
j30_4_5.rcp | 4.10333E-4 | 36 | 294 | 1 | 4.18479E-4 | 36 | 294 | 3 | 5.31127E-4 | 36 | 294 | 3 | 3.93383E-4 | 36 | 294 | 4 | 
j30_4_6.rcp | 1.69347E-4 | 18 | 394 | 0 | 1.87313E-4 | 18 | 394 | 0 | 2.25512E-4 | 18 | 394 | 0 | 1.79335E-4 | 18 | 394 | 0 | 
j30_4_7.rcp | 1.67679E-4 | 18 | 629 | 0 | 1.92259E-4 | 18 | 629 | 0 | 2.31354E-4 | 18 | 629 | 0 | 2.0904E-4 | 18 | 629 | 0 | 
j30_4_8.rcp | 1.8212E-4 | 18 | 482 | 0 | 2.16872E-4 | 18 | 482 | 0 | 2.81095E-4 | 18 | 482 | 0 | 1.85068E-4 | 18 | 482 | 0 | 
j30_4_9.rcp | 1.788E-4 | 18 | 235 | 1 | 1.87795E-4 | 18 | 235 | 1 | 2.39555E-4 | 18 | 235 | 1 | 1.82562E-4 | 18 | 235 | 1 | 
j30_4_10.rcp | 1.91577E-4 | 18 | 760 | 0 | 2.77894E-4 | 18 | 760 | 1 | 2.6822E-4 | 18 | 760 | 1 | 2.0331E-4 | 18 | 760 | 1 | 
j30_5_1.rcp | 0.002267394 | 64 | 360 | 28 | 0.002256205 | 64 | 360 | 19 | 0.00315289 | 64 | 360 | 19 | 0.002107426 | 64 | 360 | 20 | 
j30_5_2.rcp | 0.002986333 | 92 | 484 | 45 | 0.00365144 | 92 | 484 | 53 | 0.004859597 | 92 | 484 | 53 | 0.003383182 | 92 | 484 | 53 | 
j30_5_3.rcp | 0.58811677 | 8711 | 517 | 11119 | 0.355753 | 8711 | 517 | 3433 | 0.52003247 | 8711 | 517 | 3433 | 0.31817326 | 8711 | 517 | 4540 | 
j30_5_4.rcp | 60.000023 | 1308327 | -1 | 1252487 | 60.00003 | 1600164 | -1 | 1420266 | 60.000034 | 1215933 | -1 | 1079455 | 60.000023 | 1661319 | -1 | 1479176 | 
j30_5_5.rcp | 60.00001 | 2250163 | -1 | 1413932 | 60.00003 | 1783383 | -1 | 1187549 | 60.00009 | 1443992 | -1 | 961167 | 60.00002 | 1915674 | -1 | 1258451 | 
j30_5_6.rcp | 60.00003 | 1878820 | -1 | 1402670 | 60.00002 | 2538644 | -1 | 1039739 | 60.000027 | 1691429 | -1 | 715960 | 60.00006 | 2666906 | -1 | 1142061 | 
j30_5_7.rcp | 60.000046 | 1339215 | -1 | 1680715 | 60.00008 | 1258768 | -1 | 1204345 | 60.00001 | 924185 | -1 | 891736 | 60.000027 | 1163515 | -1 | 1729269 | 
j30_5_8.rcp | 60.00001 | 3156897 | -1 | 3187071 | 60.00002 | 2274800 | -1 | 1778845 | 60.000023 | 1580893 | -1 | 807914 | 60.000015 | 2354498 | -1 | 1913672 | 
j30_5_9.rcp | 60.000042 | 1196734 | -1 | 847254 | 60.000015 | 1993985 | -1 | 225247 | 60.00003 | 1373057 | -1 | 155240 | 60.000027 | 2113750 | -1 | 334083 | 
j30_5_10.rcp | 7.08326E-4 | 18 | 664 | 6 | 7.84614E-4 | 18 | 664 | 8 | 0.001057942 | 18 | 664 | 8 | 7.06349E-4 | 18 | 664 | 8 | 
j30_6_1.rcp | 0.001069857 | 54 | 479 | 2 | 0.00130755 | 54 | 479 | 5 | 0.001837011 | 54 | 479 | 5 | 0.001205433 | 54 | 479 | 7 | 
j30_6_2.rcp | 0.001225096 | 54 | 454 | 6 | 0.001520295 | 54 | 454 | 8 | 0.002068865 | 54 | 454 | 8 | 0.001352224 | 54 | 454 | 9 | 
j30_6_3.rcp | 3.62223E-4 | 18 | 403 | 0 | 4.4101E-4 | 18 | 403 | 1 | 6.29208E-4 | 18 | 403 | 1 | 6.20033E-4 | 18 | 403 | 4 | 
j30_6_4.rcp | 0.001574616 | 54 | 551 | 8 | 0.00152999 | 54 | 551 | 8 | 0.002014357 | 54 | 551 | 8 | 0.001363506 | 54 | 551 | 9 | 
j30_6_5.rcp | 0.001197514 | 54 | 369 | 3 | 0.001400399 | 54 | 369 | 9 | 0.001883377 | 54 | 369 | 9 | 0.001246157 | 54 | 369 | 12 | 
j30_6_6.rcp | 8.6925E-4 | 36 | 404 | 2 | 0.001023615 | 36 | 404 | 3 | 0.00141814 | 36 | 404 | 3 | 9.07221E-4 | 36 | 404 | 4 | 
j30_6_7.rcp | 0.001487266 | 63 | 438 | 5 | 0.001831664 | 63 | 438 | 7 | 0.002576289 | 63 | 438 | 7 | 0.001812059 | 63 | 438 | 7 | 
j30_6_8.rcp | 3.95116E-4 | 18 | 327 | 2 | 5.00014E-4 | 18 | 327 | 2 | 6.73896E-4 | 18 | 327 | 2 | 4.57727E-4 | 18 | 327 | 2 | 
j30_6_9.rcp | 9.95577E-4 | 38 | 363 | 2 | 0.001208222 | 38 | 363 | 5 | 0.00164813 | 38 | 363 | 5 | 0.001134036 | 38 | 363 | 6 | 
j30_6_10.rcp | 8.4038E-4 | 36 | 341 | 0 | 0.001056949 | 36 | 341 | 1 | 0.001477857 | 36 | 341 | 1 | 9.76204E-4 | 36 | 341 | 2 | 
j30_7_1.rcp | 3.64091E-4 | 18 | 509 | 0 | 4.57133E-4 | 18 | 509 | 1 | 6.45061E-4 | 18 | 509 | 1 | 4.24599E-4 | 18 | 509 | 1 | 
j30_7_2.rcp | 6.01571E-4 | 18 | 328 | 1 | 4.61347E-4 | 18 | 328 | 1 | 6.41023E-4 | 18 | 328 | 1 | 4.32187E-4 | 18 | 328 | 1 | 
j30_7_3.rcp | 9.38037E-4 | 56 | 309 | 1 | 0.001035502 | 56 | 309 | 4 | 0.00138976 | 56 | 309 | 4 | 9.71915E-4 | 56 | 309 | 6 | 
j30_7_4.rcp | 4.42847E-4 | 18 | 382 | 0 | 5.32896E-4 | 18 | 382 | 1 | 7.50427E-4 | 18 | 382 | 1 | 5.14248E-4 | 18 | 382 | 1 | 
j30_7_5.rcp | 7.16753E-4 | 36 | 326 | 0 | 8.4875E-4 | 36 | 326 | 1 | 0.001174101 | 36 | 326 | 1 | 7.90227E-4 | 36 | 326 | 2 | 
j30_7_6.rcp | 3.01869E-4 | 18 | 378 | 0 | 0.001164669 | 18 | 378 | 0 | 5.25936E-4 | 18 | 378 | 0 | 3.39662E-4 | 18 | 378 | 0 | 
j30_7_7.rcp | 4.36679E-4 | 18 | 680 | 0 | 5.27227E-4 | 18 | 680 | 1 | 8.36209E-4 | 18 | 680 | 1 | 7.60249E-4 | 18 | 680 | 2 | 
j30_7_8.rcp | 5.46708E-4 | 18 | 512 | 2 | 0.001076542 | 18 | 512 | 3 | 0.001087474 | 18 | 512 | 3 | 6.60919E-4 | 18 | 512 | 4 | 
j30_7_9.rcp | 3.35349E-4 | 18 | 477 | 0 | 4.31142E-4 | 18 | 477 | 0 | 6.25442E-4 | 18 | 477 | 0 | 4.16525E-4 | 18 | 477 | 0 | 
j30_7_10.rcp | 3.09517E-4 | 18 | 285 | 1 | 4.05366E-4 | 18 | 285 | 1 | 5.42408E-4 | 18 | 285 | 1 | 3.74998E-4 | 18 | 285 | 1 | 
j30_8_1.rcp | 3.69685E-4 | 18 | 306 | 0 | 5.02959E-4 | 18 | 306 | 1 | 6.84663E-4 | 18 | 306 | 1 | 4.68524E-4 | 18 | 306 | 2 | 
j30_8_2.rcp | 3.23838E-4 | 18 | 455 | 0 | 3.98436E-4 | 18 | 455 | 0 | 5.53095E-4 | 18 | 455 | 0 | 3.61243E-4 | 18 | 455 | 0 | 
j30_8_3.rcp | 2.59766E-4 | 18 | 379 | 0 | 3.17953E-4 | 18 | 379 | 0 | 4.48653E-4 | 18 | 379 | 0 | 2.97229E-4 | 18 | 379 | 0 | 
j30_8_4.rcp | 3.54631E-4 | 18 | 334 | 0 | 4.29181E-4 | 18 | 334 | 2 | 5.93272E-4 | 18 | 334 | 2 | 3.99179E-4 | 18 | 334 | 2 | 
j30_8_5.rcp | 4.56096E-4 | 18 | 476 | 0 | 5.49114E-4 | 18 | 476 | 0 | 7.70677E-4 | 18 | 476 | 0 | 5.13568E-4 | 18 | 476 | 0 | 
j30_8_6.rcp | 3.46665E-4 | 18 | 651 | 0 | 4.26336E-4 | 18 | 651 | 0 | 5.74463E-4 | 18 | 651 | 0 | 4.00068E-4 | 18 | 651 | 0 | 
j30_8_7.rcp | 3.66245E-4 | 18 | 362 | 0 | 4.50972E-4 | 18 | 362 | 0 | 6.21332E-4 | 18 | 362 | 0 | 4.09451E-4 | 18 | 362 | 0 | 
j30_8_8.rcp | 3.41528E-4 | 18 | 478 | 0 | 4.29216E-4 | 18 | 478 | 0 | 6.04367E-4 | 18 | 478 | 0 | 3.94679E-4 | 18 | 478 | 0 | 
j30_8_9.rcp | 3.4548E-4 | 18 | 379 | 0 | 4.4493E-4 | 18 | 379 | 0 | 7.59739E-4 | 18 | 379 | 0 | 3.83226E-4 | 18 | 379 | 0 | 
j30_8_10.rcp | 5.25134E-4 | 18 | 759 | 0 | 4.58873E-4 | 18 | 759 | 0 | 7.89429E-4 | 18 | 759 | 0 | 6.63245E-4 | 18 | 759 | 0 | 
j30_9_1.rcp | 60.000053 | 901128 | -1 | 1165892 | 60.00004 | 1004658 | -1 | 1211141 | 60.000053 | 698389 | -1 | 853427 | 60.000015 | 1106402 | -1 | 1530802 | 
j30_9_2.rcp | 60.00002 | 1916864 | -1 | 1032113 | 60.000027 | 2305047 | -1 | 577317 | 60.00002 | 1533666 | -1 | 387235 | 60.000015 | 2260687 | -1 | 575433 | 
j30_9_3.rcp | 27.313583 | 446659 | 377 | 116817 | 32.5323 | 446659 | 377 | 65171 | 43.94854 | 446659 | 377 | 65171 | 31.427681 | 446659 | 377 | 433764 | 
j30_9_4.rcp | 60.000065 | 812610 | -1 | 451515 | 60.000072 | 692419 | -1 | 423914 | 60.000145 | 479990 | -1 | 286193 | 60.000107 | 794793 | -1 | 1008942 | 
j30_9_5.rcp | 60.000114 | 912319 | -1 | 559218 | 60.00002 | 1004098 | -1 | 660660 | 60.000046 | 714983 | -1 | 474580 | 60.000023 | 1122988 | -1 | 727748 | 
j30_9_6.rcp | 0.002316877 | 48 | 626 | 8 | 0.002966032 | 48 | 626 | 14 | 0.004576689 | 48 | 626 | 14 | 0.003378686 | 48 | 626 | 24 | 
j30_9_7.rcp | 0.004674182 | 80 | 607 | 21 | 0.00592784 | 80 | 607 | 29 | 0.008141408 | 80 | 607 | 29 | 0.005058656 | 80 | 607 | 38 | 
j30_9_8.rcp | 0.004902913 | 80 | 435 | 35 | 0.005830865 | 80 | 435 | 57 | 0.008462033 | 80 | 435 | 57 | 0.004936715 | 80 | 435 | 73 | 
j30_9_9.rcp | 0.010059281 | 130 | 532 | 71 | 0.012408848 | 130 | 532 | 90 | 0.018703528 | 130 | 532 | 90 | 0.009927343 | 130 | 532 | 106 | 
j30_9_10.rcp | 0.007225332 | 98 | 674 | 38 | 0.008121215 | 98 | 674 | 55 | 0.011439532 | 98 | 674 | 55 | 0.007165944 | 98 | 674 | 79 | 
j30_10_1.rcp | 6.67028E-4 | 18 | 408 | 0 | 7.92745E-4 | 18 | 408 | 1 | 0.001245223 | 18 | 408 | 1 | 7.39092E-4 | 18 | 408 | 1 | 
j30_10_2.rcp | 0.001166887 | 32 | 480 | 0 | 0.001445082 | 32 | 480 | 0 | 0.00208748 | 32 | 480 | 0 | 0.001332186 | 32 | 480 | 2 | 
j30_10_3.rcp | 5.97564E-4 | 18 | 509 | 0 | 8.12017E-4 | 18 | 509 | 0 | 0.001179493 | 18 | 509 | 0 | 7.15185E-4 | 18 | 509 | 0 | 
j30_10_4.rcp | 0.003579079 | 72 | 461 | 0 | 0.0050836 | 72 | 461 | 4 | 0.006140715 | 72 | 461 | 4 | 0.003660772 | 72 | 461 | 23 | 
j30_10_5.rcp | 0.004394446 | 72 | 308 | 0 | 0.003258545 | 72 | 308 | 1 | 0.005018643 | 72 | 308 | 1 | 0.003705589 | 72 | 308 | 3 | 
j30_10_6.rcp | 0.001408551 | 36 | 462 | 0 | 0.00181995 | 36 | 462 | 2 | 0.002550045 | 36 | 462 | 2 | 0.001760709 | 36 | 462 | 2 | 
j30_10_7.rcp | 8.48218E-4 | 18 | 562 | 0 | 9.80142E-4 | 18 | 562 | 2 | 0.001764398 | 18 | 562 | 2 | 0.001345821 | 18 | 562 | 2 | 
j30_10_8.rcp | 0.002290852 | 54 | 330 | 0 | 0.002694588 | 54 | 330 | 7 | 0.004168012 | 54 | 330 | 7 | 0.002808292 | 54 | 330 | 12 | 
j30_10_9.rcp | 0.004962661 | 92 | 335 | 0 | 0.005022059 | 92 | 335 | 4 | 0.008130834 | 92 | 335 | 4 | 0.004841462 | 92 | 335 | 10 | 
j30_10_10.rcp | 8.72529E-4 | 18 | 426 | 0 | 0.001071205 | 18 | 426 | 1 | 0.001468143 | 18 | 426 | 1 | 9.89309E-4 | 18 | 426 | 1 | 
j30_11_1.rcp | 6.08271E-4 | 18 | 631 | 0 | 8.45153E-4 | 18 | 631 | 0 | 0.001340651 | 18 | 631 | 0 | 6.82542E-4 | 18 | 631 | 1 | 
j30_11_2.rcp | 8.11223E-4 | 18 | 380 | 0 | 9.68413E-4 | 18 | 380 | 0 | 0.001437352 | 18 | 380 | 0 | 8.90171E-4 | 18 | 380 | 1 | 
j30_11_3.rcp | 0.002080327 | 54 | 588 | 0 | 0.002801962 | 54 | 588 | 3 | 0.004472686 | 54 | 588 | 3 | 0.002814325 | 54 | 588 | 3 | 
j30_11_4.rcp | 0.001195678 | 36 | 613 | 0 | 0.001417849 | 36 | 613 | 2 | 0.002053935 | 36 | 613 | 2 | 0.001318544 | 36 | 613 | 3 | 
j30_11_5.rcp | 0.001881233 | 36 | 461 | 2 | 0.002341495 | 36 | 461 | 6 | 0.002964557 | 36 | 461 | 6 | 0.001804826 | 36 | 461 | 7 | 
j30_11_6.rcp | 0.001423728 | 36 | 382 | 0 | 0.001776809 | 36 | 382 | 0 | 0.002725615 | 36 | 382 | 0 | 0.001603834 | 36 | 382 | 2 | 
j30_11_7.rcp | 5.8673E-4 | 18 | 427 | 0 | 6.80469E-4 | 18 | 427 | 0 | 0.001010213 | 18 | 427 | 0 | 6.30266E-4 | 18 | 427 | 0 | 
j30_11_8.rcp | 60.00002 | 947556 | -1 | 291802 | 60.000042 | 1354823 | -1 | 0 | 60.000027 | 835203 | -1 | 0 | 60.000027 | 1304696 | -1 | 428256 | 
j30_11_9.rcp | 5.73127E-4 | 18 | 508 | 0 | 7.3366E-4 | 18 | 508 | 0 | 0.001043285 | 18 | 508 | 0 | 6.51147E-4 | 18 | 508 | 0 | 
j30_11_10.rcp | 7.73484E-4 | 18 | 438 | 0 | 9.55547E-4 | 18 | 438 | 0 | 0.001396098 | 18 | 438 | 0 | 9.01937E-4 | 18 | 438 | 3 | 
j30_12_1.rcp | 6.36732E-4 | 18 | 416 | 0 | 8.06292E-4 | 18 | 416 | 0 | 0.001180352 | 18 | 416 | 0 | 7.18588E-4 | 18 | 416 | 0 | 
j30_12_2.rcp | 4.51041E-4 | 18 | 340 | 0 | 5.62923E-4 | 18 | 340 | 0 | 8.16107E-4 | 18 | 340 | 0 | 5.38149E-4 | 18 | 340 | 0 | 
j30_12_3.rcp | 6.03311E-4 | 18 | 305 | 0 | 6.88942E-4 | 18 | 305 | 0 | 0.001021562 | 18 | 305 | 0 | 6.10253E-4 | 18 | 305 | 0 | 
j30_12_4.rcp | 4.96271E-4 | 18 | 505 | 0 | 6.20827E-4 | 18 | 505 | 0 | 8.81321E-4 | 18 | 505 | 0 | 5.71176E-4 | 18 | 505 | 0 | 
j30_12_5.rcp | 6.60798E-4 | 18 | 276 | 0 | 7.09078E-4 | 18 | 276 | 1 | 0.001074693 | 18 | 276 | 1 | 6.47523E-4 | 18 | 276 | 1 | 
j30_12_6.rcp | 7.81846E-4 | 18 | 270 | 0 | 9.81378E-4 | 18 | 270 | 0 | 0.001454358 | 18 | 270 | 0 | 8.61384E-4 | 18 | 270 | 2 | 
j30_12_7.rcp | 6.81087E-4 | 18 | 266 | 0 | 8.14553E-4 | 18 | 266 | 0 | 0.001222242 | 18 | 266 | 0 | 7.45447E-4 | 18 | 266 | 0 | 
j30_12_8.rcp | 6.50925E-4 | 18 | 258 | 0 | 7.47506E-4 | 18 | 258 | 0 | 0.001145347 | 18 | 258 | 0 | 6.84861E-4 | 18 | 258 | 0 | 
j30_12_9.rcp | 6.35779E-4 | 18 | 305 | 0 | 7.74774E-4 | 18 | 305 | 0 | 0.00115693 | 18 | 305 | 0 | 7.19343E-4 | 18 | 305 | 0 | 
j30_12_10.rcp | 6.41619E-4 | 18 | 334 | 0 | 7.83726E-4 | 18 | 334 | 0 | 0.001160016 | 18 | 334 | 0 | 6.90103E-4 | 18 | 334 | 0 | 
j30_13_1.rcp | 60.000042 | 695365 | -1 | 280064 | 60.00003 | 594238 | -1 | 221190 | 60.00017 | 397713 | -1 | 147356 | 60.000072 | 754442 | -1 | 1401038 | 
j30_13_2.rcp | 0.1643282 | 1221 | 346 | 1564 | 0.17845295 | 1221 | 346 | 1426 | 0.272404 | 1221 | 346 | 1426 | 0.16384697 | 1221 | 346 | 2110 | 
j30_13_3.rcp | 60.000187 | 344542 | -1 | 336828 | 60.00029 | 293652 | -1 | 342779 | 60.000008 | 200771 | -1 | 234476 | 60.000046 | 353189 | -1 | 519002 | 
j30_13_4.rcp | 60.00002 | 539622 | -1 | 437226 | 60.000187 | 487760 | -1 | 512842 | 60.000072 | 346741 | -1 | 364792 | 60.00008 | 637305 | -1 | 580631 | 
j30_13_5.rcp | 0.42886707 | 4019 | 606 | 1386 | 0.49394748 | 4019 | 606 | 1879 | 0.71728116 | 4019 | 606 | 1874 | 0.31565616 | 4019 | 606 | 3227 | 
j30_13_6.rcp | 60.00095 | 668256 | -1 | 316235 | 60.000095 | 613765 | -1 | 272145 | 60.00008 | 438181 | -1 | 195593 | 60.000053 | 1029652 | -1 | 445257 | 
j30_13_7.rcp | 0.042644627 | 376 | 711 | 309 | 0.050453585 | 376 | 711 | 328 | 0.0741634 | 376 | 711 | 328 | 0.046791703 | 376 | 711 | 356 | 
j30_13_8.rcp | 60.000023 | 901873 | -1 | 957306 | 60.000023 | 731917 | -1 | 772375 | 60.00002 | 519657 | -1 | 543291 | 60.000034 | 833017 | -1 | 848819 | 
j30_13_9.rcp | 0.7746472 | 4731 | 484 | 2028 | 0.8638025 | 4731 | 484 | 4252 | 1.3585547 | 4731 | 484 | 4252 | 0.7695213 | 4731 | 484 | 4380 | 
j30_13_10.rcp | 60.00002 | 705384 | -1 | 181418 | 60.00085 | 638169 | -1 | 499028 | 60.000015 | 416367 | -1 | 326198 | 60.000042 | 707149 | -1 | 1407423 | 
j30_14_1.rcp | 0.003852306 | 72 | 252 | 0 | 0.005200404 | 72 | 252 | 0 | 0.008684021 | 72 | 252 | 0 | 0.004498899 | 72 | 252 | 9 | 
j30_14_2.rcp | 60.000072 | 591966 | -1 | 597 | 60.000027 | 529060 | -1 | 766 | 60.00006 | 351244 | -1 | 536 | 60.000126 | 577530 | -1 | 678741 | 
j30_14_3.rcp | 0.003653487 | 54 | 392 | 3 | 0.004447956 | 54 | 392 | 3 | 0.006841093 | 54 | 392 | 3 | 0.003570089 | 54 | 392 | 22 | 
j30_14_4.rcp | 0.004650343 | 65 | 313 | 6 | 0.005675964 | 65 | 313 | 9 | 0.009441381 | 65 | 313 | 9 | 0.005983069 | 65 | 313 | 20 | 
j30_14_5.rcp | 0.005302308 | 74 | 410 | 3 | 0.006215302 | 74 | 410 | 5 | 0.009743285 | 74 | 410 | 5 | 0.005276681 | 74 | 410 | 15 | 
j30_14_6.rcp | 0.003519487 | 58 | 284 | 0 | 0.004139688 | 58 | 284 | 1 | 0.006452945 | 58 | 284 | 1 | 0.00408193 | 58 | 284 | 1 | 
j30_14_7.rcp | 0.001261048 | 18 | 386 | 0 | 0.00139298 | 18 | 386 | 1 | 0.002188598 | 18 | 386 | 1 | 0.001133967 | 18 | 386 | 4 | 
j30_14_8.rcp | 0.001083732 | 18 | 532 | 0 | 0.001358434 | 18 | 532 | 0 | 0.002002892 | 18 | 532 | 0 | 0.001102256 | 18 | 532 | 2 | 
j30_14_9.rcp | 0.003415857 | 38 | 433 | 2 | 0.00386597 | 38 | 433 | 5 | 0.005795339 | 38 | 433 | 5 | 0.003323869 | 38 | 433 | 8 | 
j30_14_10.rcp | 0.002754563 | 36 | 265 | 2 | 0.003313051 | 36 | 265 | 4 | 0.006329494 | 36 | 265 | 4 | 0.002792308 | 36 | 265 | 10 | 
j30_15_1.rcp | 0.003140806 | 54 | 338 | 0 | 0.003657037 | 54 | 338 | 1 | 0.005409032 | 54 | 338 | 1 | 0.003470971 | 54 | 338 | 4 | 
j30_15_2.rcp | 8.85084E-4 | 18 | 481 | 0 | 0.001083804 | 18 | 481 | 0 | 0.001661791 | 18 | 481 | 0 | 9.45539E-4 | 18 | 481 | 0 | 
j30_15_3.rcp | 0.003739704 | 54 | 260 | 0 | 0.004114177 | 54 | 260 | 3 | 0.006882274 | 54 | 260 | 3 | 0.003604353 | 54 | 260 | 19 | 
j30_15_4.rcp | 9.92062E-4 | 18 | 253 | 0 | 0.001054598 | 18 | 253 | 0 | 0.001751136 | 18 | 253 | 0 | 9.35396E-4 | 18 | 253 | 0 | 
j30_15_5.rcp | 0.001384119 | 18 | 588 | 0 | 0.001635575 | 18 | 588 | 0 | 0.002517561 | 18 | 588 | 0 | 0.001527527 | 18 | 588 | 2 | 
j30_15_6.rcp | 9.35229E-4 | 18 | 679 | 0 | 0.001220289 | 18 | 679 | 1 | 0.001889701 | 18 | 679 | 1 | 0.001075374 | 18 | 679 | 1 | 
j30_15_7.rcp | 0.00327123 | 54 | 302 | 0 | 0.00382806 | 54 | 302 | 0 | 0.00591782 | 54 | 302 | 0 | 0.004701128 | 54 | 302 | 7 | 
j30_15_8.rcp | 0.001179472 | 18 | 576 | 1 | 0.001366451 | 18 | 576 | 1 | 0.002189373 | 18 | 576 | 1 | 0.001136178 | 18 | 576 | 3 | 
j30_15_9.rcp | 0.002903793 | 36 | 333 | 0 | 0.003834197 | 36 | 333 | 2 | 0.005120086 | 36 | 333 | 2 | 0.002918747 | 36 | 333 | 5 | 
j30_15_10.rcp | 8.89246E-4 | 18 | 523 | 0 | 0.001184688 | 18 | 523 | 0 | 0.001971626 | 18 | 523 | 0 | 0.001285465 | 18 | 523 | 0 | 
j30_16_1.rcp | 0.002660236 | 36 | 318 | 0 | 0.002835023 | 36 | 318 | 2 | 0.004319983 | 36 | 318 | 2 | 0.002609581 | 36 | 318 | 3 | 
j30_16_2.rcp | 0.001050721 | 18 | 510 | 0 | 0.001452741 | 18 | 510 | 0 | 0.001834167 | 18 | 510 | 0 | 0.001076674 | 18 | 510 | 0 | 
j30_16_3.rcp | 8.82671E-4 | 18 | 255 | 0 | 9.979E-4 | 18 | 255 | 0 | 0.001556692 | 18 | 255 | 0 | 8.63001E-4 | 18 | 255 | 0 | 
j30_16_4.rcp | 8.52624E-4 | 18 | 304 | 0 | 0.001069279 | 18 | 304 | 0 | 0.00178469 | 18 | 304 | 0 | 0.001083415 | 18 | 304 | 0 | 
j30_16_5.rcp | 0.00108975 | 18 | 287 | 0 | 0.001330626 | 18 | 287 | 0 | 0.001749475 | 18 | 287 | 0 | 0.001024873 | 18 | 287 | 0 | 
j30_16_6.rcp | 8.35943E-4 | 18 | 382 | 0 | 0.001078725 | 18 | 382 | 0 | 0.001599057 | 18 | 382 | 0 | 8.98381E-4 | 18 | 382 | 0 | 
j30_16_7.rcp | 9.06855E-4 | 18 | 428 | 0 | 0.001189374 | 18 | 428 | 0 | 0.00211007 | 18 | 428 | 0 | 0.001158919 | 18 | 428 | 0 | 
j30_16_8.rcp | 9.16714E-4 | 18 | 326 | 0 | 0.001061914 | 18 | 326 | 0 | 0.001606199 | 18 | 326 | 0 | 8.86738E-4 | 18 | 326 | 0 | 
j30_16_9.rcp | 8.65386E-4 | 18 | 484 | 0 | 0.001042427 | 18 | 484 | 0 | 0.001573353 | 18 | 484 | 0 | 9.5921E-4 | 18 | 484 | 0 | 
j30_16_10.rcp | 8.39305E-4 | 18 | 381 | 0 | 0.001036299 | 18 | 381 | 0 | 0.001594787 | 18 | 381 | 0 | 9.81376E-4 | 18 | 381 | 0 | 
j30_17_1.rcp | 1.55336E-4 | 18 | 680 | 2 | 1.57157E-4 | 18 | 680 | 3 | 2.01705E-4 | 18 | 680 | 3 | 1.5226E-4 | 18 | 680 | 3 | 
j30_17_2.rcp | 2.58179E-4 | 36 | 589 | 3 | 3.04772E-4 | 36 | 589 | 3 | 3.86957E-4 | 36 | 589 | 3 | 2.96682E-4 | 36 | 589 | 3 | 
j30_17_3.rcp | 1.46236E-4 | 18 | 492 | 1 | 1.69748E-4 | 18 | 492 | 1 | 2.22774E-4 | 18 | 492 | 1 | 1.64305E-4 | 18 | 492 | 1 | 
j30_17_4.rcp | 1.88725E-4 | 18 | 481 | 3 | 2.03341E-4 | 18 | 481 | 4 | 2.75454E-4 | 18 | 481 | 4 | 1.69755E-4 | 18 | 481 | 4 | 
j30_17_5.rcp | 1.86196E-4 | 18 | 409 | 1 | 1.85982E-4 | 18 | 409 | 4 | 2.55126E-4 | 18 | 409 | 4 | 2.03491E-4 | 18 | 409 | 5 | 
j30_17_6.rcp | 1.4942E-4 | 18 | 489 | 1 | 1.55575E-4 | 18 | 489 | 2 | 1.96764E-4 | 18 | 489 | 2 | 1.37746E-4 | 18 | 489 | 2 | 
j30_17_7.rcp | 1.61564E-4 | 18 | 486 | 2 | 1.79849E-4 | 18 | 486 | 4 | 2.34275E-4 | 18 | 486 | 4 | 1.7056E-4 | 18 | 486 | 4 | 
j30_17_8.rcp | 5.10862E-4 | 42 | 390 | 6 | 5.94108E-4 | 42 | 390 | 9 | 7.46342E-4 | 42 | 390 | 9 | 4.98469E-4 | 42 | 390 | 15 | 
j30_17_9.rcp | 1.812E-4 | 18 | 347 | 1 | 2.02305E-4 | 18 | 347 | 2 | 2.88425E-4 | 18 | 347 | 2 | 1.86281E-4 | 18 | 347 | 2 | 
j30_17_10.rcp | 1.7368E-4 | 18 | 409 | 2 | 1.64325E-4 | 18 | 409 | 4 | 2.12682E-4 | 18 | 409 | 4 | 1.56449E-4 | 18 | 409 | 4 | 
j30_18_1.rcp | 1.13218E-4 | 18 | 233 | 1 | 1.30713E-4 | 18 | 233 | 1 | 1.69625E-4 | 18 | 233 | 1 | 1.30359E-4 | 18 | 233 | 1 | 
j30_18_2.rcp | 1.75194E-4 | 18 | 407 | 1 | 2.04091E-4 | 18 | 407 | 1 | 2.67384E-4 | 18 | 407 | 1 | 1.86238E-4 | 18 | 407 | 2 | 
j30_18_3.rcp | 1.39974E-4 | 18 | 432 | 0 | 1.42632E-4 | 18 | 432 | 1 | 1.84845E-4 | 18 | 432 | 1 | 1.40856E-4 | 18 | 432 | 1 | 
j30_18_4.rcp | 1.7295E-4 | 18 | 561 | 2 | 2.1723E-4 | 18 | 561 | 3 | 2.75998E-4 | 18 | 561 | 3 | 1.95057E-4 | 18 | 561 | 3 | 
j30_18_5.rcp | 1.42564E-4 | 18 | 504 | 0 | 1.5851E-4 | 18 | 504 | 1 | 2.12429E-4 | 18 | 504 | 1 | 1.53848E-4 | 18 | 504 | 1 | 
j30_18_6.rcp | 1.43226E-4 | 18 | 427 | 0 | 1.50505E-4 | 18 | 427 | 0 | 2.03696E-4 | 18 | 427 | 0 | 1.43488E-4 | 18 | 427 | 0 | 
j30_18_7.rcp | 1.17235E-4 | 18 | 333 | 1 | 1.3558E-4 | 18 | 333 | 1 | 1.75607E-4 | 18 | 333 | 1 | 1.33176E-4 | 18 | 333 | 1 | 
j30_18_8.rcp | 1.15753E-4 | 18 | 310 | 0 | 1.32083E-4 | 18 | 310 | 0 | 1.82473E-4 | 18 | 310 | 0 | 1.31116E-4 | 18 | 310 | 0 | 
j30_18_9.rcp | 4.9991E-4 | 50 | 385 | 10 | 5.80588E-4 | 50 | 385 | 14 | 7.27409E-4 | 50 | 385 | 14 | 5.57597E-4 | 50 | 385 | 14 | 
j30_18_10.rcp | 3.42919E-4 | 38 | 434 | 4 | 3.9577E-4 | 38 | 434 | 3 | 5.16945E-4 | 38 | 434 | 3 | 3.84238E-4 | 38 | 434 | 4 | 
j30_19_1.rcp | 2.29049E-4 | 30 | 281 | 3 | 2.64486E-4 | 30 | 281 | 4 | 3.39438E-4 | 30 | 281 | 4 | 2.47613E-4 | 30 | 281 | 4 | 
j30_19_2.rcp | 1.52835E-4 | 18 | 606 | 0 | 1.77202E-4 | 18 | 606 | 0 | 2.33587E-4 | 18 | 606 | 0 | 1.68793E-4 | 18 | 606 | 0 | 
j30_19_3.rcp | 5.80693E-4 | 50 | 688 | 8 | 4.96518E-4 | 50 | 688 | 10 | 6.26101E-4 | 50 | 688 | 10 | 4.65695E-4 | 50 | 688 | 10 | 
j30_19_4.rcp | 1.52844E-4 | 18 | 479 | 0 | 1.50889E-4 | 18 | 479 | 2 | 1.93296E-4 | 18 | 479 | 2 | 1.48203E-4 | 18 | 479 | 2 | 
j30_19_5.rcp | 3.12071E-4 | 36 | 310 | 1 | 3.59852E-4 | 36 | 310 | 1 | 4.54128E-4 | 36 | 310 | 1 | 3.35804E-4 | 36 | 310 | 5 | 
j30_19_6.rcp | 1.22208E-4 | 18 | 313 | 0 | 1.38191E-4 | 18 | 313 | 1 | 1.80931E-4 | 18 | 313 | 1 | 1.36638E-4 | 18 | 313 | 1 | 
j30_19_7.rcp | 1.29451E-4 | 18 | 368 | 1 | 1.50107E-4 | 18 | 368 | 2 | 2.10932E-4 | 18 | 368 | 2 | 1.51309E-4 | 18 | 368 | 2 | 
j30_19_8.rcp | 2.58524E-4 | 36 | 630 | 0 | 2.822E-4 | 36 | 630 | 1 | 3.95094E-4 | 36 | 630 | 1 | 2.76056E-4 | 36 | 630 | 1 | 
j30_19_9.rcp | 1.49851E-4 | 18 | 340 | 2 | 1.74026E-4 | 18 | 340 | 2 | 2.21243E-4 | 18 | 340 | 2 | 1.69147E-4 | 18 | 340 | 2 | 
j30_19_10.rcp | 1.56136E-4 | 18 | 532 | 0 | 1.7442E-4 | 18 | 532 | 1 | 2.27442E-4 | 18 | 532 | 1 | 1.66018E-4 | 18 | 532 | 1 | 
j30_20_1.rcp | 1.65262E-4 | 18 | 382 | 0 | 1.48212E-4 | 18 | 382 | 0 | 1.96329E-4 | 18 | 382 | 0 | 1.72779E-4 | 18 | 382 | 0 | 
j30_20_2.rcp | 1.53435E-4 | 18 | 475 | 1 | 1.5792E-4 | 18 | 475 | 1 | 2.05767E-4 | 18 | 475 | 1 | 1.94682E-4 | 18 | 475 | 1 | 
j30_20_3.rcp | 1.38265E-4 | 18 | 503 | 0 | 1.58368E-4 | 18 | 503 | 0 | 2.09426E-4 | 18 | 503 | 0 | 1.52954E-4 | 18 | 503 | 0 | 
j30_20_4.rcp | 1.37689E-4 | 18 | 409 | 0 | 1.54057E-4 | 18 | 409 | 0 | 1.96139E-4 | 18 | 409 | 0 | 1.48643E-4 | 18 | 409 | 0 | 
j30_20_5.rcp | 3.63124E-4 | 40 | 252 | 5 | 3.83391E-4 | 40 | 252 | 8 | 4.8962E-4 | 40 | 252 | 8 | 3.69347E-4 | 40 | 252 | 8 | 
j30_20_6.rcp | 1.31379E-4 | 18 | 311 | 0 | 1.42535E-4 | 18 | 311 | 0 | 1.82833E-4 | 18 | 311 | 0 | 1.36595E-4 | 18 | 311 | 0 | 
j30_20_7.rcp | 1.25845E-4 | 18 | 453 | 0 | 1.43893E-4 | 18 | 453 | 0 | 1.83869E-4 | 18 | 453 | 0 | 1.38718E-4 | 18 | 453 | 0 | 
j30_20_8.rcp | 1.27525E-4 | 18 | 559 | 0 | 1.4928E-4 | 18 | 559 | 0 | 2.28917E-4 | 18 | 559 | 0 | 1.48047E-4 | 18 | 559 | 0 | 
j30_20_9.rcp | 1.28558E-4 | 18 | 286 | 0 | 1.43409E-4 | 18 | 286 | 0 | 1.8561E-4 | 18 | 286 | 0 | 1.37598E-4 | 18 | 286 | 0 | 
j30_20_10.rcp | 1.19847E-4 | 18 | 403 | 0 | 1.40233E-4 | 18 | 403 | 0 | 1.80434E-4 | 18 | 403 | 0 | 1.32753E-4 | 18 | 403 | 0 | 
j30_21_1.rcp | 60.000103 | 1451592 | -1 | 1695954 | 60.000034 | 2053502 | -1 | 2644620 | 60.00001 | 1503622 | -1 | 1935271 | 60.00001 | 1367098 | -1 | 1770080 | 
j30_21_2.rcp | 4.70251E-4 | 18 | 284 | 6 | 5.35285E-4 | 18 | 284 | 8 | 7.00692E-4 | 18 | 284 | 8 | 4.74321E-4 | 18 | 284 | 8 | 
j30_21_3.rcp | 0.001308264 | 36 | 762 | 11 | 0.001612295 | 36 | 762 | 12 | 0.0021473 | 36 | 762 | 12 | 0.00157464 | 36 | 762 | 13 | 
j30_21_4.rcp | 0.001928771 | 42 | 385 | 27 | 0.0024417 | 42 | 385 | 28 | 0.003242858 | 42 | 385 | 28 | 0.002174779 | 42 | 385 | 37 | 
j30_21_5.rcp | 0.002065072 | 52 | 636 | 42 | 0.002897445 | 52 | 636 | 48 | 0.003367922 | 52 | 636 | 48 | 0.002340693 | 52 | 636 | 47 | 
j30_21_6.rcp | 0.001699976 | 70 | 370 | 39 | 0.001483041 | 70 | 370 | 26 | 0.002197039 | 70 | 370 | 26 | 0.001345198 | 70 | 370 | 30 | 
j30_21_7.rcp | 0.002951672 | 66 | 586 | 35 | 0.003169699 | 66 | 586 | 53 | 0.004391893 | 66 | 586 | 53 | 0.002949549 | 66 | 586 | 75 | 
j30_21_8.rcp | 60.00007 | 981131 | -1 | 1407740 | 60.000107 | 845484 | -1 | 1484404 | 60.000088 | 610580 | -1 | 1027357 | 60.00009 | 889003 | -1 | 1932935 | 
j30_21_9.rcp | 60.000034 | 1593587 | -1 | 777620 | 60.000027 | 1487402 | -1 | 1060350 | 60.000015 | 1117007 | -1 | 801440 | 60.000015 | 1597341 | -1 | 1263551 | 
j30_21_10.rcp | 60.00006 | 1206872 | -1 | 1733569 | 60.00005 | 946579 | -1 | 1401740 | 60.00002 | 763577 | -1 | 1130670 | 60.000015 | 964606 | -1 | 1506420 | 
j30_22_1.rcp | 3.96757E-4 | 18 | 352 | 1 | 4.69486E-4 | 18 | 352 | 2 | 6.80529E-4 | 18 | 352 | 2 | 4.38059E-4 | 18 | 352 | 2 | 
j30_22_2.rcp | 3.03377E-4 | 18 | 309 | 0 | 3.92579E-4 | 18 | 309 | 0 | 5.44909E-4 | 18 | 309 | 0 | 3.57197E-4 | 18 | 309 | 0 | 
j30_22_3.rcp | 2.84408E-4 | 18 | 635 | 0 | 3.86804E-4 | 18 | 635 | 0 | 5.05459E-4 | 18 | 635 | 0 | 3.34972E-4 | 18 | 635 | 0 | 
j30_22_4.rcp | 5.48093E-4 | 31 | 328 | 0 | 6.66069E-4 | 31 | 328 | 2 | 9.32555E-4 | 31 | 328 | 2 | 6.01322E-4 | 31 | 328 | 5 | 
j30_22_5.rcp | 4.08413E-4 | 18 | 320 | 2 | 5.25868E-4 | 18 | 320 | 4 | 7.44189E-4 | 18 | 320 | 4 | 4.3912E-4 | 18 | 320 | 8 | 
j30_22_6.rcp | 5.72048E-4 | 18 | 507 | 0 | 6.34531E-4 | 18 | 507 | 2 | 8.46178E-4 | 18 | 507 | 2 | 4.98393E-4 | 18 | 507 | 4 | 
j30_22_7.rcp | 0.001380234 | 60 | 334 | 13 | 0.001786856 | 60 | 334 | 16 | 0.002571298 | 60 | 334 | 16 | 0.001640802 | 60 | 334 | 18 | 
j30_22_8.rcp | 2.37471E-4 | 18 | 460 | 0 | 2.81979E-4 | 18 | 460 | 1 | 3.85256E-4 | 18 | 460 | 1 | 2.66775E-4 | 18 | 460 | 1 | 
j30_22_9.rcp | 6.28462E-4 | 36 | 495 | 4 | 7.90308E-4 | 36 | 495 | 4 | 0.001057081 | 36 | 495 | 4 | 7.09692E-4 | 36 | 495 | 7 | 
j30_22_10.rcp | 6.2515E-4 | 36 | 409 | 0 | 8.15827E-4 | 36 | 409 | 0 | 0.001113651 | 36 | 409 | 0 | 7.51682E-4 | 36 | 409 | 0 | 
j30_23_1.rcp | 9.99486E-4 | 46 | 544 | 0 | 8.64881E-4 | 46 | 544 | 2 | 0.001201403 | 46 | 544 | 2 | 8.71734E-4 | 46 | 544 | 2 | 
j30_23_2.rcp | 3.2046E-4 | 18 | 503 | 0 | 4.12276E-4 | 18 | 503 | 0 | 5.70161E-4 | 18 | 503 | 0 | 3.7668E-4 | 18 | 503 | 0 | 
j30_23_3.rcp | 0.001796127 | 36 | 385 | 1 | 0.001017805 | 36 | 385 | 3 | 0.001404619 | 36 | 385 | 3 | 8.95991E-4 | 36 | 385 | 6 | 
j30_23_4.rcp | 0.00181459 | 62 | 461 | 14 | 0.00222847 | 62 | 461 | 25 | 0.003195722 | 62 | 461 | 25 | 0.002238683 | 62 | 461 | 27 | 
j30_23_5.rcp | 9.58806E-4 | 31 | 363 | 3 | 0.001063592 | 31 | 363 | 5 | 0.001464903 | 31 | 363 | 5 | 9.63783E-4 | 31 | 363 | 8 | 
j30_23_6.rcp | 4.22757E-4 | 18 | 302 | 0 | 5.18202E-4 | 18 | 302 | 0 | 7.43456E-4 | 18 | 302 | 0 | 4.69843E-4 | 18 | 302 | 1 | 
j30_23_7.rcp | 0.001152015 | 54 | 535 | 4 | 0.001537122 | 54 | 535 | 7 | 0.002200697 | 54 | 535 | 7 | 0.001410784 | 54 | 535 | 7 | 
j30_23_8.rcp | 2.48788E-4 | 18 | 384 | 0 | 3.07593E-4 | 18 | 384 | 0 | 4.18579E-4 | 18 | 384 | 0 | 2.86927E-4 | 18 | 384 | 0 | 
j30_23_9.rcp | 5.08867E-4 | 18 | 477 | 2 | 6.13108E-4 | 18 | 477 | 5 | 8.75465E-4 | 18 | 477 | 5 | 5.74442E-4 | 18 | 477 | 5 | 
j30_23_10.rcp | 8.56971E-4 | 40 | 518 | 3 | 9.97646E-4 | 40 | 518 | 4 | 0.001399619 | 40 | 518 | 4 | 9.21363E-4 | 40 | 518 | 4 | 
j30_24_1.rcp | 2.98364E-4 | 18 | 432 | 0 | 3.86604E-4 | 18 | 432 | 0 | 5.37045E-4 | 18 | 432 | 0 | 3.63261E-4 | 18 | 432 | 0 | 
j30_24_2.rcp | 7.64047E-4 | 36 | 278 | 0 | 9.16688E-4 | 36 | 278 | 1 | 0.001385073 | 36 | 278 | 1 | 8.63143E-4 | 36 | 278 | 1 | 
j30_24_3.rcp | 0.001919928 | 54 | 458 | 1 | 0.001798005 | 54 | 458 | 3 | 0.002625105 | 54 | 458 | 3 | 0.001687519 | 54 | 458 | 3 | 
j30_24_4.rcp | 2.65158E-4 | 18 | 411 | 0 | 3.26057E-4 | 18 | 411 | 0 | 4.50131E-4 | 18 | 411 | 0 | 3.26806E-4 | 18 | 411 | 0 | 
j30_24_5.rcp | 3.72022E-4 | 18 | 613 | 0 | 4.8288E-4 | 18 | 613 | 0 | 0.001541935 | 18 | 613 | 0 | 4.14865E-4 | 18 | 613 | 1 | 
j30_24_6.rcp | 3.47584E-4 | 18 | 465 | 0 | 4.20852E-4 | 18 | 465 | 0 | 5.88153E-4 | 18 | 465 | 0 | 3.76666E-4 | 18 | 465 | 0 | 
j30_24_7.rcp | 3.11533E-4 | 18 | 511 | 1 | 3.92494E-4 | 18 | 511 | 1 | 5.49608E-4 | 18 | 511 | 1 | 3.68931E-4 | 18 | 511 | 1 | 
j30_24_8.rcp | 3.35006E-4 | 18 | 309 | 0 | 4.11039E-4 | 18 | 309 | 0 | 5.88502E-4 | 18 | 309 | 0 | 3.79678E-4 | 18 | 309 | 0 | 
j30_24_9.rcp | 2.26487E-4 | 18 | 508 | 0 | 3.09062E-4 | 18 | 508 | 0 | 3.97356E-4 | 18 | 508 | 0 | 2.68757E-4 | 18 | 508 | 0 | 
j30_24_10.rcp | 3.10828E-4 | 18 | 405 | 0 | 4.09937E-4 | 18 | 405 | 0 | 6.21193E-4 | 18 | 405 | 0 | 4.08401E-4 | 18 | 405 | 0 | 
j30_25_1.rcp | 60.000034 | 1193775 | -1 | 257646 | 60.00001 | 1036965 | -1 | 345606 | 60.000072 | 701361 | -1 | 225077 | 60.000027 | 1205321 | -1 | 596662 | 
j30_25_2.rcp | 60.000023 | 923410 | -1 | 993796 | 60.000126 | 795124 | -1 | 1045226 | 60.000114 | 562081 | -1 | 739423 | 60.000027 | 1061484 | -1 | 1926875 | 
j30_25_3.rcp | 60.000076 | 970703 | -1 | 725785 | 60.00001 | 840956 | -1 | 1080017 | 60.00007 | 566673 | -1 | 728748 | 60.00003 | 1183260 | -1 | 2411680 | 
j30_25_4.rcp | 60.00002 | 1331358 | -1 | 1852300 | 60.000027 | 1341252 | -1 | 939876 | 60.000053 | 887706 | -1 | 626279 | 60.000015 | 1373458 | -1 | 714428 | 
j30_25_5.rcp | 60.00001 | 799480 | -1 | 1137009 | 60.000008 | 941645 | -1 | 1095279 | 60.00001 | 633982 | -1 | 737866 | 60.000015 | 1037530 | -1 | 1211016 | 
j30_25_6.rcp | 60.000126 | 700415 | -1 | 534375 | 60.00002 | 660581 | -1 | 638421 | 60.00005 | 499831 | -1 | 489904 | 60.000027 | 773610 | -1 | 781953 | 
j30_25_7.rcp | 0.3194163 | 2057 | 762 | 3514 | 0.39423376 | 2057 | 762 | 4087 | 0.5335726 | 2057 | 762 | 4087 | 0.33786976 | 2057 | 762 | 3883 | 
j30_25_8.rcp | 60.000008 | 1633964 | -1 | 1433356 | 60.00001 | 1721042 | -1 | 989315 | 60.000065 | 1203131 | -1 | 686569 | 60.000008 | 1906732 | -1 | 1115353 | 
j30_25_9.rcp | 7.597624 | 87544 | 585 | 23113 | 7.4370503 | 87544 | 585 | 11323 | 11.507255 | 87544 | 585 | 11323 | 7.7168617 | 87544 | 585 | 22275 | 
j30_25_10.rcp | 0.004557684 | 81 | 407 | 44 | 0.00553085 | 81 | 407 | 51 | 0.007667746 | 81 | 407 | 51 | 0.004612612 | 81 | 407 | 69 | 
j30_26_1.rcp | 0.00393729 | 67 | 413 | 6 | 0.004800554 | 67 | 413 | 14 | 0.007382509 | 67 | 413 | 14 | 0.004378499 | 67 | 413 | 27 | 
j30_26_2.rcp | 5.73094E-4 | 18 | 353 | 0 | 7.59961E-4 | 18 | 353 | 0 | 0.001069976 | 18 | 353 | 0 | 6.47275E-4 | 18 | 353 | 0 | 
j30_26_3.rcp | 5.63722E-4 | 18 | 738 | 0 | 7.62569E-4 | 18 | 738 | 0 | 0.001091369 | 18 | 738 | 0 | 6.60143E-4 | 18 | 738 | 2 | 
j30_26_4.rcp | 8.42851E-4 | 18 | 421 | 0 | 0.001103893 | 18 | 421 | 1 | 0.001581077 | 18 | 421 | 1 | 8.87384E-4 | 18 | 421 | 5 | 
j30_26_5.rcp | 0.006005037 | 122 | 436 | 7 | 0.00614934 | 122 | 436 | 9 | 0.008646218 | 122 | 436 | 9 | 0.005726093 | 122 | 436 | 19 | 
j30_26_6.rcp | 8.97491E-4 | 18 | 436 | 1 | 0.001045032 | 18 | 436 | 2 | 0.001544103 | 18 | 436 | 2 | 9.7703E-4 | 18 | 436 | 3 | 
j30_26_7.rcp | 8.93886E-4 | 18 | 464 | 0 | 0.001024871 | 18 | 464 | 1 | 0.001518425 | 18 | 464 | 1 | 8.96475E-4 | 18 | 464 | 1 | 
j30_26_8.rcp | 0.004450481 | 74 | 216 | 3 | 0.005428511 | 74 | 216 | 12 | 0.008605321 | 74 | 216 | 12 | 0.004686659 | 74 | 216 | 32 | 
j30_26_9.rcp | 0.005439739 | 92 | 387 | 7 | 0.00687792 | 92 | 387 | 17 | 0.011207505 | 92 | 387 | 17 | 0.006280093 | 92 | 387 | 42 | 
j30_26_10.rcp | 60.000145 | 451081 | -1 | 2 | 60.000034 | 426488 | -1 | 145427 | 60.00012 | 282944 | -1 | 93233 | 60.00017 | 445236 | -1 | 466215 | 
j30_27_1.rcp | 6.92999E-4 | 18 | 354 | 1 | 8.12855E-4 | 18 | 354 | 2 | 0.001235575 | 18 | 354 | 2 | 7.08861E-4 | 18 | 354 | 2 | 
j30_27_2.rcp | 5.66435E-4 | 18 | 615 | 0 | 7.39929E-4 | 18 | 615 | 0 | 0.001063982 | 18 | 615 | 0 | 6.64643E-4 | 18 | 615 | 0 | 
j30_27_3.rcp | 8.59443E-4 | 18 | 276 | 0 | 9.90652E-4 | 18 | 276 | 0 | 0.001520633 | 18 | 276 | 0 | 8.60434E-4 | 18 | 276 | 1 | 
j30_27_4.rcp | 60.000072 | 773854 | -1 | 9409 | 60.000004 | 669171 | -1 | 176898 | 60.000423 | 432298 | -1 | 110294 | 60.000034 | 789174 | -1 | 196954 | 
j30_27_5.rcp | 0.001042745 | 36 | 459 | 1 | 0.00141969 | 36 | 459 | 1 | 0.001953755 | 36 | 459 | 1 | 0.001222956 | 36 | 459 | 1 | 
j30_27_6.rcp | 0.001365266 | 36 | 505 | 1 | 0.001678502 | 36 | 505 | 3 | 0.002508335 | 36 | 505 | 3 | 0.001558463 | 36 | 505 | 6 | 
j30_27_7.rcp | 6.75962E-4 | 18 | 360 | 0 | 8.37522E-4 | 18 | 360 | 1 | 0.001249316 | 18 | 360 | 1 | 7.42729E-4 | 18 | 360 | 1 | 
j30_27_8.rcp | 0.002494974 | 56 | 412 | 6 | 0.002839368 | 56 | 412 | 15 | 0.004352766 | 56 | 412 | 15 | 0.002608591 | 56 | 412 | 18 | 
j30_27_9.rcp | 0.001267868 | 40 | 417 | 0 | 0.001462984 | 40 | 417 | 0 | 0.002175332 | 40 | 417 | 0 | 0.00138107 | 40 | 417 | 0 | 
j30_27_10.rcp | 0.003954835 | 72 | 361 | 0 | 0.00441506 | 72 | 361 | 0 | 0.006748409 | 72 | 361 | 0 | 0.00397801 | 72 | 361 | 4 | 
j30_28_1.rcp | 5.69542E-4 | 18 | 347 | 0 | 7.02615E-4 | 18 | 347 | 0 | 0.001032697 | 18 | 347 | 0 | 6.37474E-4 | 18 | 347 | 0 | 
j30_28_2.rcp | 0.001091043 | 36 | 371 | 0 | 0.001537442 | 36 | 371 | 0 | 0.002052534 | 36 | 371 | 0 | 0.001259211 | 36 | 371 | 1 | 
j30_28_3.rcp | 6.20399E-4 | 18 | 402 | 0 | 7.55422E-4 | 18 | 402 | 0 | 0.001132871 | 18 | 402 | 0 | 6.62554E-4 | 18 | 402 | 1 | 
j30_28_4.rcp | 5.72175E-4 | 18 | 314 | 0 | 7.00703E-4 | 18 | 314 | 1 | 0.001085953 | 18 | 314 | 1 | 6.23809E-4 | 18 | 314 | 1 | 
j30_28_5.rcp | 0.001077024 | 36 | 439 | 1 | 0.001301348 | 36 | 439 | 3 | 0.001896945 | 36 | 439 | 3 | 0.001203419 | 36 | 439 | 3 | 
j30_28_6.rcp | 5.64824E-4 | 18 | 446 | 0 | 7.06454E-4 | 18 | 446 | 0 | 0.001013939 | 18 | 446 | 0 | 6.3376E-4 | 18 | 446 | 0 | 
j30_28_7.rcp | 5.23408E-4 | 18 | 311 | 0 | 6.87315E-4 | 18 | 311 | 0 | 0.001009871 | 18 | 311 | 0 | 6.08062E-4 | 18 | 311 | 0 | 
j30_28_8.rcp | 6.07097E-4 | 18 | 727 | 0 | 7.06036E-4 | 18 | 727 | 0 | 0.001030915 | 18 | 727 | 0 | 6.453E-4 | 18 | 727 | 0 | 
j30_28_9.rcp | 5.73239E-4 | 18 | 532 | 0 | 7.30821E-4 | 18 | 532 | 0 | 0.001047767 | 18 | 532 | 0 | 6.3158E-4 | 18 | 532 | 0 | 
j30_28_10.rcp | 5.32629E-4 | 18 | 533 | 0 | 6.78436E-4 | 18 | 533 | 0 | 9.71801E-4 | 18 | 533 | 0 | 6.15588E-4 | 18 | 533 | 0 | 
j30_29_1.rcp | 60.00008 | 793059 | -1 | 617982 | 60.000072 | 866025 | -1 | 825209 | 60.00012 | 594141 | -1 | 566487 | 60.00005 | 961873 | -1 | 926807 | 
j30_29_2.rcp | 0.021711497 | 219 | 620 | 166 | 0.022952508 | 219 | 620 | 168 | 0.033387512 | 219 | 620 | 168 | 0.020504735 | 219 | 620 | 209 | 
j30_29_3.rcp | 60.000126 | 487950 | -1 | 763443 | 60.00006 | 420084 | -1 | 748377 | 60.000175 | 287083 | -1 | 523991 | 60.000072 | 406353 | -1 | 1038565 | 
j30_29_4.rcp | 60.00007 | 519028 | -1 | 470055 | 60.000233 | 396248 | -1 | 484588 | 60.000034 | 284109 | -1 | 353263 | 60.000027 | 469858 | -1 | 688949 | 
j30_29_5.rcp | 60.000015 | 839253 | -1 | 877527 | 60.00002 | 886614 | -1 | 951804 | 60.000008 | 639909 | -1 | 686338 | 60.00009 | 928087 | -1 | 1050667 | 
j30_29_6.rcp | 0.47929627 | 2672 | 466 | 3868 | 0.5624796 | 2672 | 466 | 4497 | 0.85700214 | 2672 | 466 | 4497 | 0.47782418 | 2672 | 466 | 5910 | 
j30_29_7.rcp | 0.004157389 | 48 | 487 | 9 | 0.004848933 | 48 | 487 | 20 | 0.006901044 | 48 | 487 | 20 | 0.003782367 | 48 | 487 | 34 | 
j30_29_8.rcp | 60.000053 | 536563 | -1 | 413525 | 60.000156 | 514277 | -1 | 528378 | 60.00013 | 353320 | -1 | 351986 | 60.000084 | 544499 | -1 | 707115 | 
j30_29_9.rcp | 60.000027 | 850675 | -1 | 439314 | 60.00044 | 684297 | -1 | 531533 | 60.000195 | 465852 | -1 | 393281 | 60.00001 | 875000 | -1 | 730163 | 
j30_29_10.rcp | 0.018860172 | 217 | 376 | 167 | 0.021546116 | 217 | 376 | 144 | 0.029442882 | 217 | 376 | 144 | 0.018261304 | 217 | 376 | 170 | 
j30_30_1.rcp | 0.001408561 | 18 | 260 | 0 | 0.001685729 | 18 | 260 | 1 | 0.002574369 | 18 | 260 | 1 | 0.001395465 | 18 | 260 | 5 | 
j30_30_2.rcp | 0.002353257 | 36 | 535 | 3 | 0.002867684 | 36 | 535 | 3 | 0.004297743 | 36 | 535 | 3 | 0.002640805 | 36 | 535 | 8 | 
j30_30_3.rcp | 0.003428546 | 36 | 431 | 2 | 0.004019967 | 36 | 431 | 5 | 0.006190365 | 36 | 431 | 5 | 0.003344272 | 36 | 431 | 19 | 
j30_30_4.rcp | 9.8904E-4 | 18 | 331 | 1 | 0.001203284 | 18 | 331 | 3 | 0.001862168 | 18 | 331 | 3 | 9.8361E-4 | 18 | 331 | 4 | 
j30_30_5.rcp | 0.002976311 | 54 | 384 | 0 | 0.003663421 | 54 | 384 | 0 | 0.005831877 | 54 | 384 | 0 | 0.003150814 | 54 | 384 | 4 | 
j30_30_6.rcp | 0.013936737 | 136 | 376 | 0 | 0.015318563 | 136 | 376 | 3 | 0.022402491 | 136 | 376 | 3 | 0.012167503 | 136 | 376 | 83 | 
j30_30_7.rcp | 0.002299483 | 36 | 615 | 0 | 0.002805597 | 36 | 615 | 3 | 0.004130409 | 36 | 615 | 3 | 0.00248174 | 36 | 615 | 6 | 
j30_30_8.rcp | 0.002502395 | 36 | 301 | 0 | 0.002950415 | 36 | 301 | 0 | 0.004614827 | 36 | 301 | 0 | 0.002630492 | 36 | 301 | 1 | 
j30_30_9.rcp | 0.001057614 | 18 | 377 | 0 | 0.00117088 | 18 | 377 | 0 | 0.001785219 | 18 | 377 | 0 | 0.00105916 | 18 | 377 | 0 | 
j30_30_10.rcp | 0.002119436 | 36 | 708 | 0 | 0.002356845 | 36 | 708 | 2 | 0.003497461 | 36 | 708 | 2 | 0.00206569 | 36 | 708 | 4 | 
j30_31_1.rcp | 0.001162728 | 18 | 357 | 0 | 0.001312918 | 18 | 357 | 0 | 0.0018641 | 18 | 357 | 0 | 0.001075654 | 18 | 357 | 2 | 
j30_31_2.rcp | 0.001058121 | 18 | 301 | 0 | 0.00126955 | 18 | 301 | 0 | 0.001966838 | 18 | 301 | 0 | 0.001079837 | 18 | 301 | 2 | 
j30_31_3.rcp | 0.0022389 | 18 | 460 | 0 | 0.001334877 | 18 | 460 | 1 | 0.002142088 | 18 | 460 | 1 | 0.001141188 | 18 | 460 | 3 | 
j30_31_4.rcp | 8.2785E-4 | 18 | 242 | 0 | 9.86556E-4 | 18 | 242 | 1 | 0.001493628 | 18 | 242 | 1 | 8.65858E-4 | 18 | 242 | 1 | 
j30_31_5.rcp | 0.004416126 | 74 | 334 | 1 | 0.005390832 | 74 | 334 | 5 | 0.007973175 | 74 | 334 | 5 | 0.004646008 | 74 | 334 | 15 | 
j30_31_6.rcp | 0.001063764 | 18 | 428 | 0 | 0.001341228 | 18 | 428 | 0 | 0.001947805 | 18 | 428 | 0 | 0.001334921 | 18 | 428 | 0 | 
j30_31_7.rcp | 0.002088983 | 36 | 785 | 0 | 0.002314564 | 36 | 785 | 1 | 0.003296934 | 36 | 785 | 1 | 0.002107315 | 36 | 785 | 3 | 
j30_31_8.rcp | 9.66071E-4 | 18 | 546 | 0 | 0.001146629 | 18 | 546 | 0 | 0.001718678 | 18 | 546 | 0 | 0.001016734 | 18 | 546 | 2 | 
j30_31_9.rcp | 0.001078438 | 18 | 415 | 1 | 0.001296952 | 18 | 415 | 2 | 0.00197218 | 18 | 415 | 2 | 0.001123403 | 18 | 415 | 4 | 
j30_31_10.rcp | 0.001846909 | 36 | 427 | 0 | 0.002318206 | 36 | 427 | 0 | 0.003601249 | 36 | 427 | 0 | 0.002033773 | 36 | 427 | 1 | 
j30_32_1.rcp | 9.30532E-4 | 18 | 434 | 0 | 0.001108198 | 18 | 434 | 0 | 0.001659211 | 18 | 434 | 0 | 0.00101722 | 18 | 434 | 0 | 
j30_32_2.rcp | 9.00787E-4 | 18 | 710 | 0 | 0.001151975 | 18 | 710 | 0 | 0.001650571 | 18 | 710 | 0 | 0.00100129 | 18 | 710 | 0 | 
j30_32_3.rcp | 0.001041248 | 18 | 260 | 0 | 9.76129E-4 | 18 | 260 | 0 | 0.001543221 | 18 | 260 | 0 | 8.6957E-4 | 18 | 260 | 0 | 
j30_32_4.rcp | 8.75947E-4 | 18 | 670 | 0 | 0.001101339 | 18 | 670 | 0 | 0.001706263 | 18 | 670 | 0 | 9.71148E-4 | 18 | 670 | 0 | 
j30_32_5.rcp | 9.33705E-4 | 18 | 486 | 0 | 0.001114359 | 18 | 486 | 0 | 0.00285175 | 18 | 486 | 0 | 0.001024235 | 18 | 486 | 0 | 
j30_32_6.rcp | 8.23998E-4 | 18 | 216 | 0 | 9.82925E-4 | 18 | 216 | 0 | 0.001596326 | 18 | 216 | 0 | 8.70086E-4 | 18 | 216 | 0 | 
j30_32_7.rcp | 8.86646E-4 | 18 | 278 | 0 | 9.99883E-4 | 18 | 278 | 0 | 0.001525462 | 18 | 278 | 0 | 8.92714E-4 | 18 | 278 | 0 | 
j30_32_8.rcp | 7.85738E-4 | 18 | 360 | 0 | 9.68921E-4 | 18 | 360 | 0 | 0.001476192 | 18 | 360 | 0 | 9.10454E-4 | 18 | 360 | 0 | 
j30_32_9.rcp | 8.57228E-4 | 18 | 541 | 0 | 0.001079239 | 18 | 541 | 0 | 0.001593624 | 18 | 541 | 0 | 9.58631E-4 | 18 | 541 | 0 | 
j30_32_10.rcp | 9.47375E-4 | 18 | 465 | 0 | 0.001233366 | 18 | 465 | 0 | 0.001678146 | 18 | 465 | 0 | 9.86044E-4 | 18 | 465 | 0 | 
j30_33_1.rcp | 3.69211E-4 | 36 | 514 | 8 | 4.29283E-4 | 36 | 514 | 8 | 5.28203E-4 | 36 | 514 | 8 | 4.12717E-4 | 36 | 514 | 9 | 
j30_33_2.rcp | 4.16667E-4 | 38 | 493 | 16 | 5.03881E-4 | 38 | 493 | 16 | 6.50058E-4 | 38 | 493 | 16 | 6.06178E-4 | 38 | 493 | 16 | 
j30_33_3.rcp | 2.88101E-4 | 36 | 505 | 11 | 3.38581E-4 | 36 | 505 | 11 | 4.26947E-4 | 36 | 505 | 11 | 3.47596E-4 | 36 | 505 | 11 | 
j30_33_4.rcp | 60.000027 | 4577126 | -1 | 3017343 | 60.00002 | 6846605 | -1 | 4828973 | 60.000023 | 5451663 | -1 | 3846097 | 60.00002 | 6064306 | -1 | 5146659 | 
j30_33_5.rcp | 1.66466E-4 | 18 | 329 | 3 | 1.71024E-4 | 18 | 329 | 3 | 0.001166093 | 18 | 329 | 3 | 1.71079E-4 | 18 | 329 | 3 | 
j30_33_6.rcp | 60.000015 | 5323892 | -1 | 2295697 | 60.00002 | 4804181 | -1 | 1682264 | 60.000027 | 3932620 | -1 | 1376474 | 60.000046 | 4908073 | -1 | 1718400 | 
j30_33_7.rcp | 3.98324E-4 | 36 | 497 | 7 | 4.66932E-4 | 36 | 497 | 8 | 5.81354E-4 | 36 | 497 | 8 | 4.36973E-4 | 36 | 497 | 9 | 
j30_33_8.rcp | 5.73866E-4 | 38 | 386 | 11 | 4.94761E-4 | 38 | 386 | 15 | 6.59054E-4 | 38 | 386 | 15 | 4.68088E-4 | 38 | 386 | 15 | 
j30_33_9.rcp | 2.23697E-4 | 18 | 370 | 7 | 2.25931E-4 | 18 | 370 | 10 | 2.82844E-4 | 18 | 370 | 10 | 2.20844E-4 | 18 | 370 | 10 | 
j30_33_10.rcp | 1.21833E-4 | 18 | 357 | 1 | 1.41638E-4 | 18 | 357 | 1 | 1.81056E-4 | 18 | 357 | 1 | 1.36799E-4 | 18 | 357 | 1 | 
j30_34_1.rcp | 1.41141E-4 | 18 | 467 | 2 | 1.47501E-4 | 18 | 467 | 3 | 1.89258E-4 | 18 | 467 | 3 | 1.46627E-4 | 18 | 467 | 3 | 
j30_34_2.rcp | 1.26501E-4 | 18 | 278 | 1 | 1.55296E-4 | 18 | 278 | 1 | 2.05542E-4 | 18 | 278 | 1 | 1.46652E-4 | 18 | 278 | 1 | 
j30_34_3.rcp | 1.22947E-4 | 18 | 493 | 0 | 1.43796E-4 | 18 | 493 | 0 | 1.79209E-4 | 18 | 493 | 0 | 1.42966E-4 | 18 | 493 | 0 | 
j30_34_4.rcp | 4.14133E-4 | 38 | 463 | 9 | 3.94241E-4 | 38 | 463 | 6 | 5.21735E-4 | 38 | 463 | 6 | 3.90623E-4 | 38 | 463 | 7 | 
j30_34_5.rcp | 1.15147E-4 | 18 | 513 | 0 | 1.31825E-4 | 18 | 513 | 0 | 1.71824E-4 | 18 | 513 | 0 | 1.27453E-4 | 18 | 513 | 0 | 
j30_34_6.rcp | 1.13688E-4 | 18 | 493 | 1 | 1.30802E-4 | 18 | 493 | 1 | 1.64912E-4 | 18 | 493 | 1 | 1.50516E-4 | 18 | 493 | 1 | 
j30_34_7.rcp | 1.75885E-4 | 18 | 344 | 2 | 2.19255E-4 | 18 | 344 | 2 | 2.72525E-4 | 18 | 344 | 2 | 2.09723E-4 | 18 | 344 | 2 | 
j30_34_8.rcp | 1.1838E-4 | 18 | 403 | 0 | 1.37566E-4 | 18 | 403 | 0 | 1.74605E-4 | 18 | 403 | 0 | 1.32953E-4 | 18 | 403 | 0 | 
j30_34_9.rcp | 4.77907E-4 | 56 | 261 | 7 | 5.18619E-4 | 56 | 261 | 6 | 6.79892E-4 | 56 | 261 | 6 | 4.86163E-4 | 56 | 261 | 12 | 
j30_34_10.rcp | 2.30364E-4 | 31 | 416 | 0 | 2.58705E-4 | 31 | 416 | 0 | 3.32831E-4 | 31 | 416 | 0 | 2.38635E-4 | 31 | 416 | 2 | 
j30_35_1.rcp | 1.22723E-4 | 18 | 264 | 0 | 1.54295E-4 | 18 | 264 | 0 | 1.92602E-4 | 18 | 264 | 0 | 1.3533E-4 | 18 | 264 | 0 | 
j30_35_2.rcp | 1.86289E-4 | 18 | 504 | 2 | 2.14502E-4 | 18 | 504 | 2 | 2.70282E-4 | 18 | 504 | 2 | 2.03472E-4 | 18 | 504 | 2 | 
j30_35_3.rcp | 2.81356E-4 | 36 | 589 | 2 | 3.05367E-4 | 36 | 589 | 4 | 4.02514E-4 | 36 | 589 | 4 | 2.96348E-4 | 36 | 589 | 4 | 
j30_35_4.rcp | 1.26543E-4 | 18 | 255 | 1 | 1.47624E-4 | 18 | 255 | 1 | 1.97971E-4 | 18 | 255 | 1 | 1.48716E-4 | 18 | 255 | 1 | 
j30_35_5.rcp | 2.32232E-4 | 36 | 556 | 1 | 2.74193E-4 | 36 | 556 | 1 | 3.58112E-4 | 36 | 556 | 1 | 3.22608E-4 | 36 | 556 | 1 | 
j30_35_6.rcp | 2.30478E-4 | 34 | 284 | 1 | 2.33744E-4 | 34 | 284 | 2 | 3.04345E-4 | 34 | 284 | 2 | 2.16603E-4 | 34 | 284 | 3 | 
j30_35_7.rcp | 1.58694E-4 | 18 | 438 | 2 | 1.86154E-4 | 18 | 438 | 2 | 2.38793E-4 | 18 | 438 | 2 | 1.80504E-4 | 18 | 438 | 2 | 
j30_35_8.rcp | 2.19296E-4 | 18 | 683 | 0 | 1.80416E-4 | 18 | 683 | 1 | 2.45065E-4 | 18 | 683 | 1 | 1.74257E-4 | 18 | 683 | 1 | 
j30_35_9.rcp | 1.31444E-4 | 18 | 502 | 0 | 1.30295E-4 | 18 | 502 | 1 | 1.71037E-4 | 18 | 502 | 1 | 1.27747E-4 | 18 | 502 | 1 | 
j30_35_10.rcp | 1.13754E-4 | 18 | 430 | 0 | 1.30524E-4 | 18 | 430 | 0 | 1.7388E-4 | 18 | 430 | 0 | 1.27441E-4 | 18 | 430 | 0 | 
j30_36_1.rcp | 1.35245E-4 | 18 | 509 | 1 | 1.7088E-4 | 18 | 509 | 1 | 2.18907E-4 | 18 | 509 | 1 | 1.5251E-4 | 18 | 509 | 1 | 
j30_36_2.rcp | 1.32123E-4 | 18 | 403 | 0 | 1.46194E-4 | 18 | 403 | 0 | 1.94838E-4 | 18 | 403 | 0 | 1.40399E-4 | 18 | 403 | 0 | 
j30_36_3.rcp | 1.51427E-4 | 18 | 710 | 0 | 1.80512E-4 | 18 | 710 | 0 | 2.40824E-4 | 18 | 710 | 0 | 1.72313E-4 | 18 | 710 | 0 | 
j30_36_4.rcp | 1.04392E-4 | 18 | 438 | 0 | 1.18391E-4 | 18 | 438 | 0 | 1.53648E-4 | 18 | 438 | 0 | 1.42978E-4 | 18 | 438 | 0 | 
j30_36_5.rcp | 1.30623E-4 | 18 | 436 | 0 | 1.53359E-4 | 18 | 436 | 0 | 0.001309247 | 18 | 436 | 0 | 1.49549E-4 | 18 | 436 | 0 | 
j30_36_6.rcp | 1.17898E-4 | 18 | 458 | 0 | 1.56967E-4 | 18 | 458 | 0 | 1.92733E-4 | 18 | 458 | 0 | 1.30078E-4 | 18 | 458 | 0 | 
j30_36_7.rcp | 1.11435E-4 | 18 | 290 | 0 | 1.2661E-4 | 18 | 290 | 0 | 1.65533E-4 | 18 | 290 | 0 | 1.25137E-4 | 18 | 290 | 0 | 
j30_36_8.rcp | 1.30799E-4 | 18 | 435 | 0 | 1.47953E-4 | 18 | 435 | 1 | 1.98193E-4 | 18 | 435 | 1 | 1.43614E-4 | 18 | 435 | 1 | 
j30_36_9.rcp | 1.15969E-4 | 18 | 560 | 0 | 1.39129E-4 | 18 | 560 | 0 | 1.83827E-4 | 18 | 560 | 0 | 1.34497E-4 | 18 | 560 | 0 | 
j30_36_10.rcp | 2.43725E-4 | 36 | 410 | 1 | 2.64241E-4 | 36 | 410 | 3 | 3.46231E-4 | 36 | 410 | 3 | 2.58422E-4 | 36 | 410 | 3 | 
j30_37_1.rcp | 0.001026772 | 21 | 421 | 29 | 0.001169567 | 21 | 421 | 25 | 0.001582434 | 21 | 421 | 25 | 0.001091102 | 21 | 421 | 27 | 
j30_37_2.rcp | 6.44581E-4 | 36 | 243 | 11 | 8.53112E-4 | 36 | 243 | 12 | 0.001128365 | 36 | 243 | 12 | 8.43276E-4 | 36 | 243 | 13 | 
j30_37_3.rcp | 60.00008 | 1288984 | -1 | 1825958 | 60.000065 | 1005967 | -1 | 1193261 | 60.000023 | 791833 | -1 | 938288 | 60.000042 | 1421551 | -1 | 1569073 | 
j30_37_4.rcp | 0.001095213 | 56 | 507 | 15 | 0.001255559 | 56 | 507 | 18 | 0.001658733 | 56 | 507 | 18 | 0.001187839 | 56 | 507 | 18 | 
j30_37_5.rcp | 0.001808159 | 47 | 702 | 66 | 0.002095144 | 47 | 702 | 63 | 0.002674663 | 47 | 702 | 63 | 0.002147823 | 47 | 702 | 63 | 
j30_37_6.rcp | 60.00004 | 1461875 | -1 | 1753363 | 60.00002 | 1119766 | -1 | 1378009 | 60.000015 | 871831 | -1 | 1065292 | 60.000015 | 1173865 | -1 | 1447515 | 
j30_37_7.rcp | 60.000027 | 2032841 | -1 | 1562010 | 60.00004 | 2158093 | -1 | 1168162 | 60.00007 | 1562788 | -1 | 883490 | 60.000027 | 2440441 | -1 | 1296046 | 
j30_37_8.rcp | 60.00001 | 2142461 | -1 | 3497993 | 60.000015 | 1585101 | -1 | 2570231 | 60.000027 | 1207646 | -1 | 1947056 | 60.000008 | 1753555 | -1 | 3033551 | 
j30_37_9.rcp | 0.001526891 | 38 | 736 | 21 | 0.001636238 | 38 | 736 | 27 | 0.002531494 | 38 | 736 | 27 | 0.001432586 | 38 | 736 | 32 | 
j30_37_10.rcp | 0.00178881 | 60 | 609 | 25 | 0.001976952 | 60 | 609 | 45 | 0.002675445 | 60 | 609 | 45 | 0.00180642 | 60 | 609 | 47 | 
j30_38_1.rcp | 5.54622E-4 | 36 | 301 | 2 | 7.47892E-4 | 36 | 301 | 2 | 0.001188098 | 36 | 301 | 2 | 7.41138E-4 | 36 | 301 | 3 | 
j30_38_2.rcp | 3.20239E-4 | 18 | 336 | 0 | 4.10346E-4 | 18 | 336 | 0 | 5.81965E-4 | 18 | 336 | 0 | 3.73053E-4 | 18 | 336 | 0 | 
j30_38_3.rcp | 0.001404495 | 54 | 513 | 6 | 0.001602072 | 54 | 513 | 12 | 0.002137483 | 54 | 513 | 12 | 0.00133672 | 54 | 513 | 15 | 
j30_38_4.rcp | 4.03258E-4 | 18 | 403 | 0 | 4.62413E-4 | 18 | 403 | 2 | 6.41548E-4 | 18 | 403 | 2 | 4.15479E-4 | 18 | 403 | 3 | 
j30_38_5.rcp | 5.10132E-4 | 36 | 659 | 1 | 6.42742E-4 | 36 | 659 | 2 | 8.38504E-4 | 36 | 659 | 2 | 5.92986E-4 | 36 | 659 | 3 | 
j30_38_6.rcp | 3.40621E-4 | 18 | 354 | 4 | 0.001080656 | 18 | 354 | 5 | 6.11786E-4 | 18 | 354 | 5 | 4.00844E-4 | 18 | 354 | 5 | 
j30_38_7.rcp | 0.001245295 | 54 | 411 | 2 | 0.00155435 | 54 | 411 | 4 | 0.002183114 | 54 | 411 | 4 | 0.001383874 | 54 | 411 | 7 | 
j30_38_8.rcp | 3.3953E-4 | 18 | 388 | 0 | 4.17474E-4 | 18 | 388 | 0 | 5.59799E-4 | 18 | 388 | 0 | 3.84741E-4 | 18 | 388 | 0 | 
j30_38_9.rcp | 2.42032E-4 | 18 | 432 | 0 | 2.86323E-4 | 18 | 432 | 1 | 3.95009E-4 | 18 | 432 | 1 | 2.62983E-4 | 18 | 432 | 1 | 
j30_38_10.rcp | 2.52737E-4 | 18 | 582 | 0 | 3.31514E-4 | 18 | 582 | 0 | 4.75762E-4 | 18 | 582 | 0 | 2.95993E-4 | 18 | 582 | 0 | 
j30_39_1.rcp | 0.00119648 | 54 | 386 | 0 | 0.001577731 | 54 | 386 | 5 | 0.002084002 | 54 | 386 | 5 | 0.001315126 | 54 | 386 | 9 | 
j30_39_2.rcp | 3.07263E-4 | 18 | 607 | 0 | 3.81444E-4 | 18 | 607 | 1 | 5.31348E-4 | 18 | 607 | 1 | 3.49227E-4 | 18 | 607 | 1 | 
j30_39_3.rcp | 7.00625E-4 | 36 | 465 | 3 | 9.77625E-4 | 36 | 465 | 3 | 0.001295522 | 36 | 465 | 3 | 8.59557E-4 | 36 | 465 | 3 | 
j30_39_4.rcp | 3.44719E-4 | 18 | 405 | 0 | 4.30556E-4 | 18 | 405 | 0 | 6.01413E-4 | 18 | 405 | 0 | 4.30118E-4 | 18 | 405 | 1 | 
j30_39_5.rcp | 9.29435E-4 | 36 | 293 | 6 | 0.001133666 | 36 | 293 | 6 | 0.001589167 | 36 | 293 | 6 | 0.001182255 | 36 | 293 | 6 | 
j30_39_6.rcp | 3.61188E-4 | 18 | 460 | 1 | 3.7418E-4 | 18 | 460 | 3 | 5.1315E-4 | 18 | 460 | 3 | 3.53299E-4 | 18 | 460 | 3 | 
j30_39_7.rcp | 2.77152E-4 | 18 | 409 | 1 | 3.40452E-4 | 18 | 409 | 3 | 4.66914E-4 | 18 | 409 | 3 | 3.07072E-4 | 18 | 409 | 4 | 
j30_39_8.rcp | 3.95571E-4 | 18 | 445 | 0 | 4.72487E-4 | 18 | 445 | 2 | 7.04349E-4 | 18 | 445 | 2 | 4.28788E-4 | 18 | 445 | 4 | 
j30_39_9.rcp | 3.83202E-4 | 18 | 330 | 0 | 5.78757E-4 | 18 | 330 | 0 | 6.25254E-4 | 18 | 330 | 0 | 3.85353E-4 | 18 | 330 | 0 | 
j30_39_10.rcp | 9.61529E-4 | 46 | 520 | 6 | 0.001249604 | 46 | 520 | 10 | 0.001662777 | 46 | 520 | 10 | 0.001137231 | 46 | 520 | 10 | 
j30_40_1.rcp | 6.06581E-4 | 36 | 482 | 0 | 7.16954E-4 | 36 | 482 | 1 | 0.001058418 | 36 | 482 | 1 | 6.62274E-4 | 36 | 482 | 2 | 
j30_40_2.rcp | 2.73986E-4 | 18 | 607 | 0 | 3.49857E-4 | 18 | 607 | 0 | 5.13037E-4 | 18 | 607 | 0 | 3.37275E-4 | 18 | 607 | 0 | 
j30_40_3.rcp | 3.37776E-4 | 18 | 442 | 0 | 4.24018E-4 | 18 | 442 | 0 | 6.34349E-4 | 18 | 442 | 0 | 4.07799E-4 | 18 | 442 | 0 | 
j30_40_4.rcp | 2.96189E-4 | 18 | 531 | 0 | 3.42737E-4 | 18 | 531 | 0 | 4.68088E-4 | 18 | 531 | 0 | 3.16747E-4 | 18 | 531 | 1 | 
j30_40_5.rcp | 2.40209E-4 | 18 | 488 | 0 | 3.35957E-4 | 18 | 488 | 0 | 4.2332E-4 | 18 | 488 | 0 | 2.85484E-4 | 18 | 488 | 0 | 
j30_40_6.rcp | 2.34454E-4 | 18 | 374 | 0 | 3.04849E-4 | 18 | 374 | 0 | 4.36599E-4 | 18 | 374 | 0 | 2.79512E-4 | 18 | 374 | 0 | 
j30_40_7.rcp | 3.76019E-4 | 18 | 408 | 0 | 4.66128E-4 | 18 | 408 | 1 | 6.45034E-4 | 18 | 408 | 1 | 4.26873E-4 | 18 | 408 | 1 | 
j30_40_8.rcp | 6.27313E-4 | 36 | 410 | 0 | 7.77186E-4 | 36 | 410 | 1 | 0.001086867 | 36 | 410 | 1 | 7.49403E-4 | 36 | 410 | 1 | 
j30_40_9.rcp | 2.82457E-4 | 18 | 353 | 0 | 3.55056E-4 | 18 | 353 | 0 | 5.01884E-4 | 18 | 353 | 0 | 3.30353E-4 | 18 | 353 | 0 | 
j30_40_10.rcp | 2.38668E-4 | 18 | 409 | 0 | 2.93426E-4 | 18 | 409 | 0 | 4.00833E-4 | 18 | 409 | 0 | 2.76679E-4 | 18 | 409 | 0 | 
j30_41_1.rcp | 0.017132305 | 165 | 492 | 383 | 0.020890104 | 165 | 492 | 392 | 0.02918534 | 165 | 492 | 392 | 0.018126916 | 165 | 492 | 379 | 
j30_41_2.rcp | 60.00004 | 1581898 | -1 | 1237690 | 60.000034 | 1364779 | -1 | 923720 | 60.000042 | 955461 | -1 | 647499 | 60.000015 | 1521859 | -1 | 1574370 | 
j30_41_3.rcp | 60.00002 | 1316116 | -1 | 1049080 | 60.000008 | 1278630 | -1 | 1266934 | 60.000023 | 875045 | -1 | 868454 | 60.00001 | 1433856 | -1 | 1456009 | 
j30_41_4.rcp | 60.00006 | 1083898 | -1 | 660879 | 60.00002 | 865700 | -1 | 656244 | 60.00019 | 625028 | -1 | 473084 | 60.000015 | 963597 | -1 | 875377 | 
j30_41_5.rcp | 60.000023 | 1019348 | -1 | 1295500 | 60.00003 | 875862 | -1 | 991199 | 60.00013 | 625372 | -1 | 704773 | 60.000034 | 1013570 | -1 | 1115802 | 
j30_41_6.rcp | 60.00007 | 1351081 | -1 | 1121175 | 60.000053 | 1205567 | -1 | 1521455 | 60.000023 | 813357 | -1 | 1057947 | 60.000008 | 1351582 | -1 | 1662842 | 
j30_41_7.rcp | 2.6936817 | 33367 | 623 | 44144 | 3.4438086 | 33367 | 623 | 35553 | 4.818197 | 33367 | 623 | 35553 | 3.2668815 | 33367 | 623 | 34051 | 
j30_41_8.rcp | 60.00001 | 2106480 | -1 | 1229602 | 60.00001 | 2028744 | -1 | 770309 | 60.000008 | 1427928 | -1 | 532590 | 60.000034 | 2227171 | -1 | 806116 | 
j30_41_9.rcp | 0.02100388 | 260 | 517 | 269 | 0.02532613 | 260 | 517 | 265 | 0.03639646 | 260 | 517 | 265 | 0.02286833 | 260 | 517 | 324 | 
j30_41_10.rcp | 60.00009 | 636455 | -1 | 955822 | 60.00007 | 691406 | -1 | 323553 | 60.00019 | 526597 | -1 | 253143 | 60.00003 | 1346208 | -1 | 766534 | 
j30_42_1.rcp | 8.60232E-4 | 18 | 488 | 0 | 0.001021153 | 18 | 488 | 1 | 0.001488039 | 18 | 488 | 1 | 9.13811E-4 | 18 | 488 | 2 | 
j30_42_2.rcp | 7.40388E-4 | 18 | 417 | 3 | 9.24262E-4 | 18 | 417 | 5 | 0.001384786 | 18 | 417 | 5 | 8.42473E-4 | 18 | 417 | 5 | 
j30_42_3.rcp | 0.001342185 | 36 | 270 | 2 | 0.00187168 | 36 | 270 | 4 | 0.002697609 | 36 | 270 | 4 | 0.00155897 | 36 | 270 | 7 | 
j30_42_4.rcp | 0.001751264 | 36 | 453 | 1 | 0.002198058 | 36 | 453 | 4 | 0.003298153 | 36 | 453 | 4 | 0.002101238 | 36 | 453 | 5 | 
j30_42_5.rcp | 5.10942E-4 | 18 | 479 | 0 | 6.61765E-4 | 18 | 479 | 0 | 9.6402E-4 | 18 | 479 | 0 | 5.73456E-4 | 18 | 479 | 0 | 
j30_42_6.rcp | 0.001553372 | 36 | 623 | 2 | 0.002098992 | 36 | 623 | 2 | 0.002982912 | 36 | 623 | 2 | 0.001842045 | 36 | 623 | 2 | 
j30_42_7.rcp | 0.001043392 | 36 | 603 | 0 | 0.001420858 | 36 | 603 | 3 | 0.002122864 | 36 | 603 | 3 | 0.001242742 | 36 | 603 | 4 | 
j30_42_8.rcp | 8.21069E-4 | 18 | 782 | 3 | 0.001034418 | 18 | 782 | 5 | 0.001401299 | 18 | 782 | 5 | 8.78619E-4 | 18 | 782 | 5 | 
j30_42_9.rcp | 0.003031935 | 39 | 411 | 14 | 0.003969419 | 39 | 411 | 20 | 0.006020654 | 39 | 411 | 20 | 0.003428228 | 39 | 411 | 27 | 
j30_42_10.rcp | 0.00212712 | 46 | 459 | 2 | 0.002775351 | 46 | 459 | 9 | 0.004156765 | 46 | 459 | 9 | 0.002343356 | 46 | 459 | 15 | 
j30_43_1.rcp | 0.001436945 | 36 | 679 | 2 | 0.001822972 | 36 | 679 | 4 | 0.002580646 | 36 | 679 | 4 | 0.001598094 | 36 | 679 | 5 | 
j30_43_2.rcp | 0.001136697 | 36 | 401 | 0 | 0.002289305 | 36 | 401 | 0 | 0.002191135 | 36 | 401 | 0 | 0.001345969 | 36 | 401 | 0 | 
j30_43_3.rcp | 5.77338E-4 | 18 | 438 | 0 | 7.16531E-4 | 18 | 438 | 0 | 0.001061051 | 18 | 438 | 0 | 6.44631E-4 | 18 | 438 | 0 | 
j30_43_4.rcp | 0.002546791 | 49 | 289 | 4 | 0.003113654 | 49 | 289 | 8 | 0.004741533 | 49 | 289 | 8 | 0.002651282 | 49 | 289 | 16 | 
j30_43_5.rcp | 0.002284396 | 56 | 236 | 6 | 0.003126533 | 56 | 236 | 14 | 0.004842903 | 56 | 236 | 14 | 0.002532429 | 56 | 236 | 26 | 
j30_43_6.rcp | 6.56315E-4 | 18 | 377 | 0 | 8.06617E-4 | 18 | 377 | 1 | 0.001221471 | 18 | 377 | 1 | 7.34461E-4 | 18 | 377 | 1 | 
j30_43_7.rcp | 4.21885E-4 | 18 | 526 | 0 | 5.65146E-4 | 18 | 526 | 0 | 7.9598E-4 | 18 | 526 | 0 | 5.1998E-4 | 18 | 526 | 0 | 
j30_43_8.rcp | 0.001523725 | 36 | 690 | 0 | 0.001858137 | 36 | 690 | 4 | 0.002743305 | 36 | 690 | 4 | 0.00162146 | 36 | 690 | 10 | 
j30_43_9.rcp | 6.35907E-4 | 18 | 455 | 0 | 8.01279E-4 | 18 | 455 | 0 | 0.001910762 | 18 | 455 | 0 | 7.25326E-4 | 18 | 455 | 0 | 
j30_43_10.rcp | 6.10448E-4 | 18 | 456 | 0 | 8.25377E-4 | 18 | 456 | 1 | 0.001155787 | 18 | 456 | 1 | 7.50003E-4 | 18 | 456 | 1 | 
j30_44_1.rcp | 5.64373E-4 | 18 | 221 | 0 | 6.98653E-4 | 18 | 221 | 0 | 9.69634E-4 | 18 | 221 | 0 | 5.88485E-4 | 18 | 221 | 0 | 
j30_44_2.rcp | 6.21447E-4 | 18 | 518 | 0 | 7.72516E-4 | 18 | 518 | 0 | 0.001132698 | 18 | 518 | 0 | 6.97518E-4 | 18 | 518 | 0 | 
j30_44_3.rcp | 5.40464E-4 | 18 | 511 | 0 | 6.47553E-4 | 18 | 511 | 0 | 9.16936E-4 | 18 | 511 | 0 | 5.96617E-4 | 18 | 511 | 0 | 
j30_44_4.rcp | 6.76816E-4 | 18 | 435 | 0 | 8.65146E-4 | 18 | 435 | 0 | 0.001260223 | 18 | 435 | 0 | 7.57475E-4 | 18 | 435 | 1 | 
j30_44_5.rcp | 5.75653E-4 | 18 | 684 | 0 | 7.20973E-4 | 18 | 684 | 0 | 0.001046482 | 18 | 684 | 0 | 6.54873E-4 | 18 | 684 | 0 | 
j30_44_6.rcp | 5.45004E-4 | 18 | 507 | 0 | 6.48985E-4 | 18 | 507 | 0 | 9.62349E-4 | 18 | 507 | 0 | 5.96702E-4 | 18 | 507 | 0 | 
j30_44_7.rcp | 4.83485E-4 | 18 | 383 | 0 | 5.78134E-4 | 18 | 383 | 0 | 8.47198E-4 | 18 | 383 | 0 | 5.42287E-4 | 18 | 383 | 0 | 
j30_44_8.rcp | 6.24199E-4 | 18 | 463 | 0 | 7.40228E-4 | 18 | 463 | 0 | 0.001088573 | 18 | 463 | 0 | 6.73335E-4 | 18 | 463 | 0 | 
j30_44_9.rcp | 5.27409E-4 | 18 | 510 | 0 | 6.90673E-4 | 18 | 510 | 0 | 9.5677E-4 | 18 | 510 | 0 | 5.6589E-4 | 18 | 510 | 0 | 
j30_44_10.rcp | 5.61151E-4 | 18 | 535 | 0 | 7.38465E-4 | 18 | 535 | 0 | 0.001134692 | 18 | 535 | 0 | 6.71432E-4 | 18 | 535 | 0 | 
j30_45_1.rcp | 60.00004 | 1081940 | -1 | 1077561 | 60.000034 | 927068 | -1 | 775186 | 60.00003 | 629268 | -1 | 546509 | 60.000015 | 1024942 | -1 | 806909 | 
j30_45_2.rcp | 60.00005 | 870837 | -1 | 861161 | 60.000633 | 947322 | -1 | 876505 | 60.000023 | 661632 | -1 | 612039 | 60.00014 | 1045463 | -1 | 989093 | 
j30_45_3.rcp | 60.00003 | 850280 | -1 | 881027 | 60.00003 | 843557 | -1 | 856191 | 60.000214 | 600101 | -1 | 609784 | 60.00005 | 905906 | -1 | 962924 | 
j30_45_4.rcp | 60.00008 | 567288 | -1 | 703065 | 60.00008 | 567971 | -1 | 715797 | 60.000088 | 358396 | -1 | 483800 | 60.000053 | 704993 | -1 | 1241493 | 
j30_45_5.rcp | 60.000015 | 734564 | -1 | 765499 | 60.000042 | 672693 | -1 | 686766 | 60.00018 | 489455 | -1 | 498412 | 60.000042 | 777128 | -1 | 852698 | 
j30_45_6.rcp | 60.00004 | 1175795 | -1 | 1097866 | 60.000053 | 1164655 | -1 | 809060 | 60.00026 | 821547 | -1 | 569155 | 60.00003 | 1233556 | -1 | 862223 | 
j30_45_7.rcp | 60.000088 | 498289 | -1 | 564824 | 60.000076 | 475201 | -1 | 538301 | 60.00004 | 341684 | -1 | 385146 | 60.000145 | 524364 | -1 | 716986 | 
j30_45_8.rcp | 60.000046 | 593897 | -1 | 927371 | 60.000027 | 649487 | -1 | 822194 | 60.00014 | 450413 | -1 | 601794 | 60.000175 | 648004 | -1 | 1057128 | 
j30_45_9.rcp | 60.00006 | 757617 | -1 | 194191 | 60.000008 | 722320 | -1 | 284703 | 60.000103 | 488212 | -1 | 187858 | 60.00002 | 848309 | -1 | 853552 | 
j30_45_10.rcp | 60.00003 | 1941491 | -1 | 1496513 | 60.000008 | 1716319 | -1 | 710020 | 60.00001 | 1184479 | -1 | 531907 | 60.00001 | 1904907 | -1 | 907897 | 
j30_46_1.rcp | 0.007511539 | 73 | 531 | 3 | 0.008520998 | 73 | 531 | 15 | 0.012884566 | 73 | 531 | 15 | 0.007307295 | 73 | 531 | 51 | 
j30_46_2.rcp | 0.001391115 | 18 | 564 | 0 | 0.001571649 | 18 | 564 | 1 | 0.002362491 | 18 | 564 | 1 | 0.00121038 | 18 | 564 | 8 | 
j30_46_3.rcp | 0.004268595 | 50 | 512 | 0 | 0.005128761 | 50 | 512 | 5 | 0.007695961 | 50 | 512 | 5 | 0.004305649 | 50 | 512 | 26 | 
j30_46_4.rcp | 0.001535128 | 18 | 490 | 1 | 0.001930528 | 18 | 490 | 2 | 0.002877111 | 18 | 490 | 2 | 0.001532643 | 18 | 490 | 12 | 
j30_46_5.rcp | 0.004991486 | 72 | 332 | 4 | 0.006350712 | 72 | 332 | 9 | 0.009510079 | 72 | 332 | 9 | 0.005582971 | 72 | 332 | 19 | 
j30_46_6.rcp | 31.851112 | 377491 | 280 | 44 | 24.174784 | 377491 | 280 | 61 | 37.89871 | 377491 | 280 | 61 | 22.584904 | 358021 | 280 | 188507 | 
j30_46_7.rcp | 0.006266529 | 80 | 392 | 14 | 0.007214548 | 80 | 392 | 19 | 0.010765563 | 80 | 392 | 19 | 0.006038305 | 80 | 392 | 53 | 
j30_46_8.rcp | 0.002601304 | 36 | 551 | 4 | 0.004201147 | 36 | 551 | 7 | 0.00470533 | 36 | 551 | 7 | 0.003066607 | 36 | 551 | 16 | 
j30_46_9.rcp | 0.002408481 | 36 | 402 | 0 | 0.003163045 | 36 | 402 | 0 | 0.004621081 | 36 | 402 | 0 | 0.002402588 | 36 | 402 | 8 | 
j30_46_10.rcp | 0.005037266 | 72 | 417 | 1 | 0.006210043 | 72 | 417 | 3 | 0.009466113 | 72 | 417 | 3 | 0.005374203 | 72 | 417 | 13 | 
j30_47_1.rcp | 0.001564241 | 30 | 608 | 0 | 0.00193379 | 30 | 608 | 1 | 0.00280208 | 30 | 608 | 1 | 0.00180092 | 30 | 608 | 3 | 
j30_47_2.rcp | 8.52853E-4 | 18 | 242 | 0 | 0.001054502 | 18 | 242 | 0 | 0.00182197 | 18 | 242 | 0 | 0.001113916 | 18 | 242 | 0 | 
j30_47_3.rcp | 0.002023473 | 36 | 334 | 0 | 0.002240807 | 36 | 334 | 1 | 0.003513642 | 36 | 334 | 1 | 0.002028915 | 36 | 334 | 4 | 
j30_47_4.rcp | 0.001103427 | 18 | 242 | 0 | 0.001263111 | 18 | 242 | 3 | 0.001886508 | 18 | 242 | 3 | 0.001196529 | 18 | 242 | 4 | 
j30_47_5.rcp | 0.003993725 | 54 | 311 | 2 | 0.004027917 | 54 | 311 | 2 | 0.006250975 | 54 | 311 | 2 | 0.003156577 | 54 | 311 | 13 | 
j30_47_6.rcp | 0.00202788 | 32 | 329 | 0 | 0.002406614 | 32 | 329 | 2 | 0.003759553 | 32 | 329 | 2 | 0.002058638 | 32 | 329 | 4 | 
j30_47_7.rcp | 8.52917E-4 | 18 | 205 | 0 | 0.00105746 | 18 | 205 | 0 | 0.001540401 | 18 | 205 | 0 | 8.31822E-4 | 18 | 205 | 1 | 
j30_47_8.rcp | 0.002414371 | 36 | 329 | 0 | 0.002605333 | 36 | 329 | 1 | 0.004359968 | 36 | 329 | 1 | 0.00226894 | 36 | 329 | 3 | 
j30_47_9.rcp | 8.32637E-4 | 18 | 335 | 0 | 0.001232065 | 18 | 335 | 0 | 0.001594671 | 18 | 335 | 0 | 8.67667E-4 | 18 | 335 | 1 | 
j30_47_10.rcp | 0.001106365 | 18 | 368 | 0 | 0.001316964 | 18 | 368 | 0 | 0.00204473 | 18 | 368 | 0 | 0.001186851 | 18 | 368 | 1 | 
j30_48_1.rcp | 7.95585E-4 | 18 | 480 | 0 | 0.00104987 | 18 | 480 | 0 | 0.001555969 | 18 | 480 | 0 | 9.68546E-4 | 18 | 480 | 0 | 
j30_48_2.rcp | 8.73964E-4 | 18 | 380 | 0 | 0.00106956 | 18 | 380 | 0 | 0.001618177 | 18 | 380 | 0 | 0.001058075 | 18 | 380 | 0 | 
j30_48_3.rcp | 8.41898E-4 | 18 | 187 | 0 | 0.001026299 | 18 | 187 | 0 | 0.001640628 | 18 | 187 | 0 | 8.04677E-4 | 18 | 187 | 0 | 
j30_48_4.rcp | 7.74951E-4 | 18 | 342 | 0 | 0.001021548 | 18 | 342 | 0 | 0.001542924 | 18 | 342 | 0 | 0.001067059 | 18 | 342 | 0 | 
j30_48_5.rcp | 9.77701E-4 | 18 | 489 | 0 | 0.001092567 | 18 | 489 | 0 | 0.001725792 | 18 | 489 | 0 | 0.00109652 | 18 | 489 | 0 | 
j30_48_6.rcp | 8.75956E-4 | 18 | 541 | 0 | 0.001153671 | 18 | 541 | 0 | 0.00165917 | 18 | 541 | 0 | 9.55098E-4 | 18 | 541 | 0 | 
j30_48_7.rcp | 8.54659E-4 | 18 | 468 | 0 | 0.00120352 | 18 | 468 | 0 | 0.001900077 | 18 | 468 | 0 | 9.60637E-4 | 18 | 468 | 0 | 
j30_48_8.rcp | 8.12633E-4 | 18 | 317 | 0 | 0.001109483 | 18 | 317 | 0 | 0.001568934 | 18 | 317 | 0 | 9.20046E-4 | 18 | 317 | 0 | 
j30_48_9.rcp | 9.16436E-4 | 18 | 415 | 0 | 0.001053426 | 18 | 415 | 0 | 0.001868869 | 18 | 415 | 0 | 0.00118279 | 18 | 415 | 0 | 
j30_48_10.rcp | 0.001199234 | 18 | 414 | 0 | 0.001877671 | 18 | 414 | 0 | 0.001997873 | 18 | 414 | 0 | 0.001048712 | 18 | 414 | 0 | 
Solve by All :419       NbTL :419, NbH :419, NbCH :419, NbOH :419   TimeTL :0.1795313615790001, TimeH :0.17183016347136587, TimeCH :0.24946839764106046, TimeOH :0.16518615669501263   BackTL :2506, BackH :2506, BackCH :2506, BackOH :2460