Inst |timeTL |backtTL |makespanTL |propTL |timeH |backtH |makespanH |propH |timeCTLH |backtCTLH |makespanCTLH |propCTLH |timeCH |backtCH |makespanCH |propCH |
pack001.rcp | 60.000156 | 764366 | -1 | 934050 | 60.000084 | 684559 | -1 | 713151 | 60.000126 | 417747 | -1 | 446682 | 60.000065 | 719013 | -1 | 780371 | 
pack002.rcp | 60.0001 | 548441 | -1 | 674208 | 60.00016 | 453462 | -1 | 493107 | 60.00019 | 280232 | -1 | 306180 | 60.000023 | 475623 | -1 | 504339 | 
pack003.rcp | 60.000034 | 761145 | -1 | 665168 | 60.000088 | 619523 | -1 | 548651 | 60.000217 | 373309 | -1 | 335655 | 60.000202 | 635172 | -1 | 798979 | 
pack004.rcp | 60.000072 | 1082127 | -1 | 1452774 | 60.000084 | 831341 | -1 | 842214 | 60.00006 | 594693 | -1 | 583410 | 60.000027 | 826746 | -1 | 737261 | 
pack005.rcp | 60.000027 | 1225396 | -1 | 1495180 | 60.000034 | 948941 | -1 | 776178 | 60.000023 | 660396 | -1 | 540563 | 60.000065 | 933283 | -1 | 749362 | 
pack006.rcp | 60.000023 | 1283833 | -1 | 1789515 | 60.000042 | 1039260 | -1 | 1002476 | 60.000065 | 745218 | -1 | 702506 | 60.000053 | 924307 | -1 | 900555 | 
pack007.rcp | 60.00002 | 1243378 | -1 | 1987452 | 60.00008 | 905699 | -1 | 1149046 | 60.000793 | 681430 | -1 | 867450 | 60.000034 | 808979 | -1 | 968707 | 
pack008.rcp | 60.000027 | 1273383 | -1 | 1530280 | 60.0001 | 919096 | -1 | 804229 | 60.000122 | 691161 | -1 | 593646 | 60.000065 | 916514 | -1 | 769291 | 
pack009.rcp | 60.000027 | 1147522 | -1 | 1680610 | 60.000103 | 903065 | -1 | 935261 | 60.00006 | 660884 | -1 | 675984 | 60.000027 | 882537 | -1 | 942940 | 
pack010.rcp | 60.00002 | 1202259 | -1 | 1583026 | 60.000027 | 940218 | -1 | 838909 | 60.00002 | 661246 | -1 | 608550 | 60.00006 | 869740 | -1 | 768660 | 
pack011.rcp | 60.000107 | 1003178 | -1 | 1260282 | 60.000065 | 778399 | -1 | 706484 | 60.000034 | 537916 | -1 | 486513 | 60.000183 | 738238 | -1 | 593535 | 
pack012.rcp | 60.00004 | 1006095 | -1 | 1220457 | 60.000065 | 804180 | -1 | 631041 | 60.000164 | 567451 | -1 | 438773 | 60.00005 | 782881 | -1 | 589033 | 
pack013.rcp | 60.000027 | 1280591 | -1 | 1938581 | 60.000023 | 1075246 | -1 | 936966 | 60.000103 | 762327 | -1 | 683153 | 60.000046 | 1051371 | -1 | 796316 | 
pack014.rcp | 60.000114 | 1212834 | -1 | 1338400 | 60.000065 | 867521 | -1 | 861423 | 60.000027 | 613917 | -1 | 621786 | 60.00003 | 803821 | -1 | 735027 | 
pack015.rcp | 60.000053 | 1360040 | -1 | 1685113 | 60.000065 | 1054600 | -1 | 772235 | 60.00008 | 754388 | -1 | 542904 | 60.000053 | 1030171 | -1 | 747271 | 
pack016.rcp | 60.000095 | 540257 | -1 | 808085 | 60.00065 | 543897 | -1 | 527675 | 60.000103 | 326965 | -1 | 329679 | 60.000042 | 568526 | -1 | 524953 | 
pack017.rcp | 60.00008 | 470697 | -1 | 717442 | 60.000145 | 471874 | -1 | 461600 | 60.000347 | 279160 | -1 | 285164 | 60.00002 | 473072 | -1 | 448291 | 
pack018.rcp | 60.000027 | 742016 | -1 | 901631 | 60.00005 | 684299 | -1 | 571605 | 60.000183 | 426182 | -1 | 376408 | 60.0002 | 631781 | -1 | 536490 | 
pack019.rcp | 60.00004 | 711775 | -1 | 982426 | 60.00012 | 728703 | -1 | 528670 | 60.000072 | 454161 | -1 | 327157 | 60.000053 | 724331 | -1 | 547234 | 
pack020.rcp | 60.000027 | 400437 | -1 | 606482 | 60.00015 | 340228 | -1 | 477600 | 60.000042 | 218656 | -1 | 297293 | 60.000202 | 327623 | -1 | 406293 | 
pack021.rcp | 58.01606 | 553737 | 51 | 427826 | 60.000103 | 475048 | -1 | 361955 | 60.00004 | 361662 | -1 | 285190 | 60.00006 | 433986 | -1 | 332056 | 
pack022.rcp | 60.000042 | 631233 | -1 | 831816 | 60.000137 | 554524 | -1 | 618394 | 60.0002 | 373848 | -1 | 410514 | 60.000145 | 506163 | -1 | 546165 | 
pack023.rcp | 60.00005 | 947090 | -1 | 1143756 | 60.000637 | 896583 | -1 | 656580 | 60.000027 | 573978 | -1 | 420021 | 60.00013 | 846769 | -1 | 634405 | 
pack024.rcp | 60.000023 | 474770 | -1 | 636320 | 60.00005 | 403323 | -1 | 525767 | 60.000393 | 269102 | -1 | 352827 | 60.000107 | 359123 | -1 | 448181 | 
pack025.rcp | 60.00006 | 585360 | -1 | 813549 | 60.00003 | 504514 | -1 | 601011 | 60.000065 | 329350 | -1 | 404143 | 60.000145 | 460315 | -1 | 563565 | 
pack026.rcp | 60.00023 | 684770 | -1 | 977230 | 60.00006 | 596872 | -1 | 703584 | 60.00004 | 389804 | -1 | 468313 | 60.00007 | 561704 | -1 | 520597 | 
pack027.rcp | 60.00026 | 458287 | -1 | 772989 | 60.000034 | 408379 | -1 | 603511 | 60.000095 | 261543 | -1 | 387168 | 60.000046 | 391962 | -1 | 536758 | 
pack028.rcp | 60.00003 | 641267 | -1 | 847566 | 60.00006 | 637290 | -1 | 517850 | 60.00086 | 394254 | -1 | 326475 | 60.000072 | 590639 | -1 | 453728 | 
pack029.rcp | 60.000042 | 783526 | -1 | 1136277 | 60.00003 | 707435 | -1 | 772046 | 60.00014 | 463541 | -1 | 494657 | 60.000145 | 663261 | -1 | 699207 | 
pack030.rcp | 5.9559097 | 69870 | 20 | 80590 | 4.419658 | 50944 | 20 | 52626 | 7.569329 | 50944 | 20 | 53110 | 4.2941523 | 50788 | 20 | 57622 | 
pack031.rcp | 0.003499715 | 63 | 70 | 26 | 0.003693121 | 63 | 70 | 40 | 0.007076244 | 63 | 70 | 40 | 0.003640236 | 63 | 70 | 177 | 
pack032.rcp | 60.00003 | 1628579 | -1 | 431148 | 60.00008 | 977145 | -1 | 502405 | 60.000053 | 626006 | -1 | 353746 | 60.000084 | 895915 | -1 | 664056 | 
pack033.rcp | 60.000027 | 1593451 | -1 | 177310 | 60.00003 | 1369650 | -1 | 463511 | 60.00004 | 805438 | -1 | 270271 | 60.00002 | 1286302 | -1 | 1467550 | 
pack034.rcp | 60.000027 | 1334160 | -1 | 533675 | 60.000072 | 1087331 | -1 | 619350 | 60.00005 | 677764 | -1 | 389978 | 60.000034 | 1107335 | -1 | 1846825 | 
pack035.rcp | 60.00002 | 1618456 | -1 | 285519 | 60.000046 | 1360258 | -1 | 817291 | 60.000034 | 798450 | -1 | 478297 | 60.000053 | 1392136 | -1 | 2213296 | 
pack036.rcp | 60.000034 | 1422435 | -1 | 597968 | 60.00002 | 1333662 | -1 | 812703 | 60.00004 | 767620 | -1 | 475886 | 60.000065 | 1394464 | -1 | 1449711 | 
pack037.rcp | 60.00005 | 1572215 | -1 | 402835 | 60.000023 | 1361743 | -1 | 632501 | 60.00013 | 849038 | -1 | 396558 | 60.00002 | 1361203 | -1 | 1594564 | 
pack038.rcp | 60.00001 | 1408505 | -1 | 237224 | 60.000046 | 1164800 | -1 | 439280 | 60.00017 | 675289 | -1 | 248822 | 60.000015 | 1268825 | -1 | 1663387 | 
pack039.rcp | 60.000015 | 1492108 | -1 | 585291 | 60.00003 | 1333389 | -1 | 518198 | 60.000023 | 797387 | -1 | 354250 | 60.00003 | 1279106 | -1 | 1179516 | 
pack040.rcp | 60.000015 | 1390674 | -1 | 370534 | 60.000015 | 1193631 | -1 | 657170 | 60.000084 | 714583 | -1 | 394305 | 60.000042 | 1144179 | -1 | 1603357 | 
pack041.rcp | 60.000084 | 549530 | -1 | 659922 | 60.000175 | 545785 | -1 | 504843 | 60.000248 | 309846 | -1 | 306904 | 60.000072 | 578098 | -1 | 600667 | 
pack042.rcp | 60.000114 | 527343 | -1 | 703896 | 60.00017 | 530944 | -1 | 580969 | 60.000156 | 304741 | -1 | 337787 | 60.00005 | 538493 | -1 | 623138 | 
pack043.rcp | 60.000042 | 1748173 | -1 | 1553013 | 60.000027 | 1560893 | -1 | 821765 | 60.000034 | 1034025 | -1 | 551948 | 60.00005 | 1370159 | -1 | 1010279 | 
pack044.rcp | 60.000046 | 1148159 | -1 | 2387307 | 60.00012 | 1013537 | -1 | 1256297 | 60.000095 | 699267 | -1 | 901446 | 60.00009 | 986502 | -1 | 1354790 | 
pack045.rcp | 60.00003 | 1033571 | -1 | 416288 | 60.00006 | 871618 | -1 | 728488 | 60.00008 | 517602 | -1 | 416498 | 60.00005 | 979659 | -1 | 1880742 | 
pack046.rcp | 60.00002 | 1441713 | -1 | 650857 | 60.000042 | 1342170 | -1 | 547185 | 60.000317 | 833288 | -1 | 344543 | 60.000046 | 1340125 | -1 | 1192980 | 
pack047.rcp | 60.000015 | 1101177 | -1 | 610927 | 60.00013 | 943473 | -1 | 693901 | 60.000034 | 594285 | -1 | 425810 | 60.00006 | 976058 | -1 | 1313007 | 
pack048.rcp | 60.00004 | 973619 | -1 | 860811 | 60.000046 | 840930 | -1 | 931531 | 60.000042 | 508519 | -1 | 551631 | 60.00013 | 914800 | -1 | 1479060 | 
pack049.rcp | 60.000053 | 295682 | -1 | 391000 | 60.000072 | 560949 | -1 | 528683 | 60.000145 | 307613 | -1 | 315036 | 60.000076 | 583398 | -1 | 546927 | 
pack050.rcp | 60.000053 | 1346733 | -1 | 500141 | 60.000027 | 1246976 | -1 | 558953 | 60.000046 | 771851 | -1 | 322200 | 60.000034 | 1237799 | -1 | 1183760 | 
pack051.rcp | 60.000046 | 528118 | -1 | 705024 | 60.00007 | 531307 | -1 | 581354 | 60.000153 | 304309 | -1 | 337289 | 60.00005 | 537978 | -1 | 622583 | 
pack052.rcp | 60.000023 | 927215 | -1 | 1040812 | 60.000046 | 718068 | -1 | 1219245 | 60.000027 | 402460 | -1 | 704979 | 60.000023 | 728567 | -1 | 1633568 | 
pack053.rcp | 60.00005 | 1459400 | -1 | 812729 | 60.000134 | 1396375 | -1 | 754217 | 60.000084 | 870794 | -1 | 480186 | 60.000023 | 1427066 | -1 | 1573488 | 
pack054.rcp | 60.000023 | 717878 | -1 | 908107 | 60.0001 | 623834 | -1 | 695384 | 60.0001 | 394684 | -1 | 449506 | 60.000034 | 694317 | -1 | 912196 | 
pack055.rcp | 60.00004 | 1195887 | -1 | 728937 | 60.000015 | 1098246 | -1 | 760040 | 60.000027 | 652846 | -1 | 485588 | 60.00001 | 1121716 | -1 | 1483173 | 
Solve by All :2       NbTL :3, NbH :2, NbCH :2, NbOH :2   TimeTL :2.9797047219472006, TimeH :2.2116756525356323, TimeCH :3.7882025144062936, TimeOH :2.148896247963421   BackTL :34966, BackH :25503, BackCH :25503, BackOH :25425